tno tbegin category N
1 3322801 dangling.L 390
1 3322801 dangling.R 214
1 3322801 random 14843
1 3322801 rejoined 506
2 3766921 dangling.L 487
2 3766921 dangling.R 1680
2 3766921 random 11368
2 3766921 rejoined 3400
3 3934686 dangling.L 917
3 3934686 dangling.R 293
3 3934686 random 1161
3 3934686 rejoined 1339
4 4213892 dangling.L 14
4 4213892 dangling.R 413
4 4213892 random 13439
4 4213892 rejoined 476
5 4257011 dangling.L 1462
5 4257011 dangling.R 1464
5 4257011 random 31565
5 4257011 rejoined 4173
6 4305456 dangling.L 132
6 4305456 dangling.R 235
6 4305456 random 4686
6 4305456 rejoined 317
7 4396578 dangling.L 233
7 4396578 dangling.R 49
7 4396578 random 776
7 4396578 rejoined 477
8 4476644 dangling.L 666
8 4476644 dangling.R 118
8 4476644 random 9157
8 4476644 rejoined 726
9 4698169 dangling.L 1461
9 4698169 dangling.R 789
9 4698169 random 24438
9 4698169 rejoined 3511
10 4838823 dangling.L 1809
10 4838823 dangling.R 1443
10 4838823 random 20356
10 4838823 rejoined 3875
11 4942593 dangling.L 30
11 4942593 dangling.R 594
11 4942593 random 10968
11 4942593 rejoined 3436
12 5001662 dangling.L 942
12 5001662 dangling.R 1125
12 5001662 random 16892
12 5001662 rejoined 2376
13 5040904 dangling.L 1011
13 5040904 dangling.R 2482
13 5040904 random 3893
13 5040904 rejoined 2752
14 5050308 dangling.L 868
14 5050308 dangling.R 843
14 5050308 random 10340
14 5050308 rejoined 3066
15 5067578 dangling.L 545
15 5067578 dangling.R 97
15 5067578 random 6308
15 5067578 rejoined 1166
16 5071900 dangling.L 191
16 5071900 dangling.R 1924
16 5071900 random 22998
16 5071900 rejoined 2214
17 5088038 dangling.L 1049
17 5088038 dangling.R 1236
17 5088038 random 10386
17 5088038 rejoined 4205
18 5097919 dangling.L 655
18 5097919 dangling.R 35
18 5097919 random 11659
18 5097919 rejoined 255
19 5117909 dangling.L 106
19 5117909 dangling.R 946
19 5117909 random 6792
19 5117909 rejoined 1662
20 5297831 dangling.L 1167
20 5297831 dangling.R 829
20 5297831 random 19754
20 5297831 rejoined 3400
21 5306536 dangling.L 680
21 5306536 dangling.R 484
21 5306536 random 4804
21 5306536 rejoined 3738
22 5388204 dangling.L 197
22 5388204 dangling.R 451
22 5388204 random 11201
22 5388204 rejoined 1624
23 5447198 dangling.L 1143
23 5447198 dangling.R 529
23 5447198 random 35783
23 5447198 rejoined 1045
24 5457064 dangling.L 197
24 5457064 dangling.R 883
24 5457064 random 26674
24 5457064 rejoined 1120
25 5460107 dangling.L 785
25 5460107 dangling.R 894
25 5460107 random 37120
25 5460107 rejoined 1874
26 5474190 dangling.L 434
26 5474190 dangling.R 592
26 5474190 random 3325
26 5474190 rejoined 1716
27 5560076 dangling.L 2213
27 5560076 dangling.R 652
27 5560076 random 2941
27 5560076 rejoined 2276
28 5567574 dangling.L 530
28 5567574 dangling.R 74
28 5567574 random 6338
28 5567574 rejoined 948
29 5654312 dangling.L 1117
29 5654312 dangling.R 433
29 5654312 random 17182
29 5654312 rejoined 1748
30 5695578 dangling.L 1153
30 5695578 dangling.R 616
30 5695578 random 9880
30 5695578 rejoined 3106
31 5725818 dangling.L 962
31 5725818 dangling.R 681
31 5725818 random 12236
31 5725818 rejoined 2923
32 5770902 dangling.L 424
32 5770902 dangling.R 161
32 5770902 random 20617
32 5770902 rejoined 638
33 5893608 dangling.R 1074
33 5893608 random 21749
33 5893608 rejoined 2021
34 5924317 dangling.L 783
34 5924317 dangling.R 230
34 5924317 random 15437
34 5924317 rejoined 1817
35 6400083 dangling.L 2713
35 6400083 dangling.R 1079
35 6400083 random 21629
35 6400083 rejoined 4818
36 6418238 dangling.L 113
36 6418238 dangling.R 170
36 6418238 random 2365
36 6418238 rejoined 597
37 6497535 dangling.L 291
37 6497535 dangling.R 48
37 6497535 random 3369
37 6497535 rejoined 502
38 6502053 dangling.L 647
38 6502053 dangling.R 1198
38 6502053 random 17369
38 6502053 rejoined 3749
39 6529093 dangling.L 596
39 6529093 dangling.R 626
39 6529093 random 41301
39 6529093 rejoined 2282
40 6903935 dangling.L 377
40 6903935 dangling.R 932
40 6903935 random 2484
40 6903935 rejoined 3242
41 6914592 dangling.L 73
41 6914592 dangling.R 1269
41 6914592 random 9486
41 6914592 rejoined 2168
42 6995799 dangling.L 114
42 6995799 dangling.R 653
42 6995799 random 7783
42 6995799 rejoined 1519
43 7008506 dangling.L 344
43 7008506 dangling.R 745
43 7008506 random 10820
43 7008506 rejoined 2187
44 7130758 dangling.L 733
44 7130758 dangling.R 148
44 7130758 random 8522
44 7130758 rejoined 1350
45 7239810 dangling.L 10
45 7239810 dangling.R 359
45 7239810 random 1563
45 7239810 rejoined 914
46 7491615 dangling.L 12
46 7491615 dangling.R 38
46 7491615 random 1434
46 7491615 rejoined 49
47 7496929 dangling.L 144
47 7496929 dangling.R 287
47 7496929 random 9524
47 7496929 rejoined 862
48 7631449 dangling.L 1171
48 7631449 dangling.R 325
48 7631449 random 6848
48 7631449 rejoined 3372
49 7686559 dangling.L 532
49 7686559 dangling.R 675
49 7686559 random 21292
49 7686559 rejoined 1698
50 9003684 dangling.L 122
50 9003684 dangling.R 869
50 9003684 random 13542
50 9003684 rejoined 1181
51 10092218 dangling.L 248
51 10092218 dangling.R 460
51 10092218 random 22012
51 10092218 rejoined 3958
52 10115538 dangling.L 116
52 10115538 dangling.R 93
52 10115538 random 6419
52 10115538 rejoined 683
53 10378868 dangling.L 282
53 10378868 dangling.R 303
53 10378868 random 2849
53 10378868 rejoined 735
54 10463080 dangling.L 490
54 10463080 dangling.R 270
54 10463080 random 574
54 10463080 rejoined 1266
55 10531438 dangling.L 94
55 10531438 dangling.R 31
55 10531438 random 6335
55 10531438 rejoined 192
56 10943770 dangling.L 1122
56 10943770 dangling.R 277
56 10943770 random 9225
56 10943770 rejoined 1832
57 11014796 dangling.L 19
57 11014796 dangling.R 756
57 11014796 random 20839
57 11014796 rejoined 727
58 12085372 dangling.L 1090
58 12085372 dangling.R 487
58 12085372 random 40274
58 12085372 rejoined 1553
59 12575987 dangling.L 716
59 12575987 dangling.R 1333
59 12575987 random 12409
59 12575987 rejoined 3531
60 12670557 dangling.L 1190
60 12670557 dangling.R 649
60 12670557 random 17308
60 12670557 rejoined 4519
61 16509657 dangling.L 1192
61 16509657 dangling.R 276
61 16509657 random 13463
61 16509657 rejoined 3063
62 16854924 dangling.L 1929
62 16854924 dangling.R 457
62 16854924 random 10000
62 16854924 rejoined 827
63 17030108 dangling.L 477
63 17030108 dangling.R 667
63 17030108 random 4523
63 17030108 rejoined 2224
64 17430658 dangling.L 944
64 17430658 dangling.R 941
64 17430658 random 15377
64 17430658 rejoined 3110
65 17468033 dangling.L 675
65 17468033 dangling.R 726
65 17468033 random 4108
65 17468033 rejoined 3355
66 17911623 dangling.L 117
66 17911623 dangling.R 40
66 17911623 random 16426
66 17911623 rejoined 297
67 18705804 dangling.L 167
67 18705804 dangling.R 701
67 18705804 random 5435
67 18705804 rejoined 1668
68 18823973 dangling.L 1503
68 18823973 dangling.R 668
68 18823973 random 20233
68 18823973 rejoined 2759
69 19185187 dangling.L 823
69 19185187 dangling.R 639
69 19185187 random 6952
69 19185187 rejoined 2539
70 21546652 dangling.L 738
70 21546652 dangling.R 1403
70 21546652 random 11189
70 21546652 rejoined 2681
71 21852332 dangling.L 218
71 21852332 dangling.R 126
71 21852332 random 1729
71 21852332 rejoined 792
72 23832866 dangling.L 165
72 23832866 dangling.R 79
72 23832866 random 3092
72 23832866 rejoined 584
73 23967163 dangling.L 82
73 23967163 dangling.R 167
73 23967163 random 3185
73 23967163 rejoined 713
74 24105010 dangling.L 3
74 24105010 dangling.R 19
74 24105010 random 7729
74 24105010 rejoined 62
75 24629818 dangling.L 329
75 24629818 dangling.R 522
75 24629818 random 2875
75 24629818 rejoined 1048
76 24935833 dangling.L 1223
76 24935833 dangling.R 687
76 24935833 random 6859
76 24935833 rejoined 4034
77 25073519 dangling.L 169
77 25073519 dangling.R 440
77 25073519 random 1847
77 25073519 rejoined 2037
78 25311192 dangling.L 432
78 25311192 dangling.R 436
78 25311192 random 4893
78 25311192 rejoined 1102
79 25579696 dangling.L 48
79 25579696 dangling.R 428
79 25579696 random 8897
79 25579696 rejoined 817
80 25680456 dangling.L 1252
80 25680456 dangling.R 1535
80 25680456 random 16143
80 25680456 rejoined 5384
81 25684527 dangling.L 4
81 25684527 dangling.R 34
81 25684527 random 1703
81 25684527 rejoined 163
82 25746230 dangling.L 604
82 25746230 dangling.R 1823
82 25746230 random 9031
82 25746230 rejoined 4552
83 26679150 dangling.L 233
83 26679150 dangling.R 266
83 26679150 random 14229
83 26679150 rejoined 490
84 27291010 dangling.L 114
84 27291010 dangling.R 354
84 27291010 random 7005
84 27291010 rejoined 467
85 28754068 dangling.L 26
85 28754068 dangling.R 319
85 28754068 random 6004
85 28754068 rejoined 643
86 28909156 dangling.L 435
86 28909156 dangling.R 688
86 28909156 random 1966
86 28909156 rejoined 1495
87 29038145 dangling.L 181
87 29038145 dangling.R 85
87 29038145 random 7472
87 29038145 rejoined 494
88 29049340 dangling.L 959
88 29049340 dangling.R 582
88 29049340 random 13192
88 29049340 rejoined 1745
89 29121893 dangling.L 154
89 29121893 dangling.R 397
89 29121893 random 24445
89 29121893 rejoined 713
90 29175365 dangling.L 465
90 29175365 dangling.R 368
90 29175365 random 5761
90 29175365 rejoined 1548
91 29325818 dangling.L 557
91 29325818 dangling.R 38
91 29325818 random 1415
91 29325818 rejoined 656
92 29596272 dangling.L 72
92 29596272 dangling.R 358
92 29596272 random 3112
92 29596272 rejoined 780
93 29886965 dangling.L 257
93 29886965 dangling.R 763
93 29886965 random 37354
93 29886965 rejoined 2899
94 30104503 dangling.L 147
94 30104503 dangling.R 448
94 30104503 random 5587
94 30104503 rejoined 729
95 30249432 dangling.L 634
95 30249432 dangling.R 83
95 30249432 random 17927
95 30249432 rejoined 756
96 30623487 dangling.L 1247
96 30623487 dangling.R 364
96 30623487 random 16590
96 30623487 rejoined 2359
97 31738361 dangling.L 461
97 31738361 dangling.R 154
97 31738361 random 4834
97 31738361 rejoined 722
98 31839024 dangling.L 239
98 31839024 dangling.R 720
98 31839024 random 2784
98 31839024 rejoined 1095
99 32182073 dangling.L 1396
99 32182073 dangling.R 418
99 32182073 random 20574
99 32182073 rejoined 2720
100 32463206 dangling.L 751
100 32463206 dangling.R 781
100 32463206 random 1920
100 32463206 rejoined 1589
101 32669705 dangling.L 208
101 32669705 dangling.R 239
101 32669705 random 19617
101 32669705 rejoined 1121
102 34821102 dangling.L 638
102 34821102 dangling.R 759
102 34821102 random 4599
102 34821102 rejoined 2408
103 36131351 dangling.L 169
103 36131351 dangling.R 5
103 36131351 random 2952
103 36131351 rejoined 156
104 36422705 dangling.L 93
104 36422705 dangling.R 327
104 36422705 random 1963
104 36422705 rejoined 742
105 36628629 dangling.L 487
105 36628629 dangling.R 10
105 36628629 random 5825
105 36628629 rejoined 664
106 36810595 dangling.L 832
106 36810595 dangling.R 578
106 36810595 random 27263
106 36810595 rejoined 1180
107 36993590 dangling.L 1717
107 36993590 dangling.R 1378
107 36993590 random 25491
107 36993590 rejoined 5600
108 37247833 dangling.L 1528
108 37247833 dangling.R 1246
108 37247833 random 42715
108 37247833 rejoined 2862
109 37307943 dangling.L 972
109 37307943 dangling.R 1064
109 37307943 random 11731
109 37307943 rejoined 1997
110 37508831 dangling.L 69
110 37508831 dangling.R 70
110 37508831 random 1394
110 37508831 rejoined 374
111 37624408 dangling.L 367
111 37624408 dangling.R 105
111 37624408 random 9379
111 37624408 rejoined 766
112 37767014 dangling.L 662
112 37767014 dangling.R 978
112 37767014 random 14937
112 37767014 rejoined 3498
113 37771798 dangling.L 622
113 37771798 dangling.R 315
113 37771798 random 2268
113 37771798 rejoined 1608
114 38117568 dangling.L 469
114 38117568 dangling.R 1598
114 38117568 random 24274
114 38117568 rejoined 4365
115 38171069 dangling.L 101
115 38171069 dangling.R 295
115 38171069 random 6071
115 38171069 rejoined 582
116 38199312 dangling.L 1243
116 38199312 dangling.R 841
116 38199312 random 11512
116 38199312 rejoined 4732
117 38555359 dangling.L 409
117 38555359 dangling.R 97
117 38555359 random 19184
117 38555359 rejoined 621
118 38910569 dangling.L 346
118 38910569 dangling.R 727
118 38910569 random 4606
118 38910569 rejoined 1984
119 40345607 dangling.L 883
119 40345607 dangling.R 681
119 40345607 random 4425
119 40345607 rejoined 2096
120 40686206 dangling.L 660
120 40686206 dangling.R 1114
120 40686206 random 4776
120 40686206 rejoined 2525
121 40905269 dangling.L 248
121 40905269 dangling.R 468
121 40905269 random 3056
121 40905269 rejoined 803
122 41280765 dangling.L 181
122 41280765 dangling.R 283
122 41280765 random 19397
122 41280765 rejoined 1231
123 41337995 dangling.L 55
123 41337995 dangling.R 1218
123 41337995 random 4133
123 41337995 rejoined 2437
124 41459061 dangling.R 491
124 41459061 random 21873
124 41459061 rejoined 908
125 41817847 dangling.L 371
125 41817847 dangling.R 100
125 41817847 random 15604
125 41817847 rejoined 2045
126 41876075 dangling.L 593
126 41876075 dangling.R 2007
126 41876075 random 12424
126 41876075 rejoined 3634
127 41903960 dangling.L 14
127 41903960 dangling.R 274
127 41903960 random 10043
127 41903960 rejoined 348
128 41922123 dangling.L 206
128 41922123 dangling.R 8
128 41922123 random 15626
128 41922123 rejoined 167
129 42055753 dangling.L 154
129 42055753 dangling.R 132
129 42055753 random 2294
129 42055753 rejoined 372
130 42276243 dangling.L 368
130 42276243 dangling.R 43
130 42276243 random 28123
130 42276243 rejoined 595
131 42329729 dangling.L 757
131 42329729 dangling.R 90
131 42329729 random 11262
131 42329729 rejoined 745
132 42505774 dangling.L 155
132 42505774 dangling.R 42
132 42505774 random 885
132 42505774 rejoined 450
133 42869322 dangling.L 213
133 42869322 dangling.R 1350
133 42869322 random 24340
133 42869322 rejoined 1674
134 43645361 dangling.L 2372
134 43645361 dangling.R 1004
134 43645361 random 20099
134 43645361 rejoined 6032
135 43763679 dangling.L 972
135 43763679 dangling.R 656
135 43763679 random 12107
135 43763679 rejoined 2719
136 44014189 dangling.L 1599
136 44014189 dangling.R 1110
136 44014189 random 3888
136 44014189 rejoined 1609
137 44143776 dangling.L 412
137 44143776 dangling.R 1279
137 44143776 random 13524
137 44143776 rejoined 3156
138 44619839 dangling.L 868
138 44619839 dangling.R 868
138 44619839 random 14076
138 44619839 rejoined 3742
139 44746152 dangling.L 82
139 44746152 dangling.R 463
139 44746152 random 10033
139 44746152 rejoined 1492
140 44758058 dangling.L 414
140 44758058 dangling.R 765
140 44758058 random 21629
140 44758058 rejoined 2886
141 44794223 dangling.L 920
141 44794223 dangling.R 128
141 44794223 random 20475
141 44794223 rejoined 1540
142 44798209 dangling.L 354
142 44798209 dangling.R 217
142 44798209 random 18029
142 44798209 rejoined 532
143 44831384 dangling.L 185
143 44831384 dangling.R 1554
143 44831384 random 15306
143 44831384 rejoined 2264
144 44909929 dangling.L 1078
144 44909929 dangling.R 218
144 44909929 random 6264
144 44909929 rejoined 1373
145 44956590 dangling.L 276
145 44956590 dangling.R 770
145 44956590 random 19651
145 44956590 rejoined 1204
146 45063334 dangling.L 279
146 45063334 dangling.R 441
146 45063334 random 961
146 45063334 rejoined 1366
147 45121566 dangling.L 1232
147 45121566 dangling.R 1306
147 45121566 random 12160
147 45121566 rejoined 4962
148 45150129 dangling.L 963
148 45150129 dangling.R 829
148 45150129 random 21644
148 45150129 rejoined 4040
149 45153999 dangling.L 1337
149 45153999 dangling.R 731
149 45153999 random 10965
149 45153999 rejoined 4929
150 45217525 dangling.L 1137
150 45217525 dangling.R 1412
150 45217525 random 4598
150 45217525 rejoined 3553
151 45224705 dangling.L 344
151 45224705 dangling.R 847
151 45224705 random 2104
151 45224705 rejoined 2310
152 45309227 dangling.L 110
152 45309227 dangling.R 194
152 45309227 random 3490
152 45309227 rejoined 376
153 45367701 dangling.L 1136
153 45367701 dangling.R 302
153 45367701 random 13096
153 45367701 rejoined 3376
154 45375876 dangling.L 554
154 45375876 dangling.R 327
154 45375876 random 3277
154 45375876 rejoined 1458
155 45615848 dangling.L 1338
155 45615848 dangling.R 304
155 45615848 random 6720
155 45615848 rejoined 2889
156 45618936 dangling.L 93
156 45618936 dangling.R 1066
156 45618936 random 18956
156 45618936 rejoined 1911
157 45816875 dangling.L 103
157 45816875 dangling.R 67
157 45816875 random 1357
157 45816875 rejoined 440
158 46210289 dangling.L 206
158 46210289 dangling.R 339
158 46210289 random 7539
158 46210289 rejoined 786
159 46379685 dangling.L 642
159 46379685 dangling.R 596
159 46379685 random 9595
159 46379685 rejoined 1978
160 46383011 dangling.L 536
160 46383011 dangling.R 500
160 46383011 random 5447
160 46383011 rejoined 4710
161 46391806 dangling.L 5
161 46391806 dangling.R 64
161 46391806 random 11032
161 46391806 rejoined 74
162 46402174 dangling.L 332
162 46402174 dangling.R 1198
162 46402174 random 22233
162 46402174 rejoined 2689
163 46422979 dangling.L 180
163 46422979 dangling.R 893
163 46422979 random 9258
163 46422979 rejoined 2089
164 46470908 dangling.L 224
164 46470908 dangling.R 1267
164 46470908 random 17480
164 46470908 rejoined 1418
165 46647355 dangling.L 108
165 46647355 dangling.R 949
165 46647355 random 12246
165 46647355 rejoined 1550
166 46835599 dangling.L 499
166 46835599 dangling.R 135
166 46835599 random 7398
166 46835599 rejoined 775
167 47088688 dangling.L 208
167 47088688 dangling.R 321
167 47088688 random 4895
167 47088688 rejoined 1199
168 47252810 dangling.L 863
168 47252810 dangling.R 509
168 47252810 random 6259
168 47252810 rejoined 2733
169 47327531 dangling.L 126
169 47327531 dangling.R 21
169 47327531 random 14594
169 47327531 rejoined 105
170 47388193 dangling.L 71
170 47388193 dangling.R 962
170 47388193 random 12154
170 47388193 rejoined 2340
171 47413179 dangling.L 985
171 47413179 dangling.R 1509
171 47413179 random 22066
171 47413179 rejoined 4614
172 47417458 dangling.L 1041
172 47417458 dangling.R 840
172 47417458 random 10619
172 47417458 rejoined 3507
173 47538402 dangling.L 331
173 47538402 dangling.R 357
173 47538402 random 5056
173 47538402 rejoined 1391
174 47928979 dangling.L 662
174 47928979 dangling.R 2231
174 47928979 random 9733
174 47928979 rejoined 1108
175 47939535 dangling.L 735
175 47939535 dangling.R 1229
175 47939535 random 14574
175 47939535 rejoined 4808
176 47993290 dangling.L 1166
176 47993290 dangling.R 568
176 47993290 random 10389
176 47993290 rejoined 3456
177 48280015 dangling.L 978
177 48280015 dangling.R 488
177 48280015 random 2545
177 48280015 rejoined 2819
178 50752637 dangling.R 586
178 50752637 random 8312
178 50752637 rejoined 1160
179 53217987 dangling.L 830
179 53217987 dangling.R 1299
179 53217987 random 48647
179 53217987 rejoined 4089
180 53384496 dangling.L 3
180 53384496 dangling.R 319
180 53384496 random 24958
180 53384496 rejoined 792
181 53603308 dangling.L 412
181 53603308 dangling.R 2
181 53603308 random 6240
181 53603308 rejoined 398
182 53751296 dangling.L 228
182 53751296 dangling.R 256
182 53751296 random 3489
182 53751296 rejoined 781
183 54119172 dangling.L 253
183 54119172 dangling.R 181
183 54119172 random 2379
183 54119172 rejoined 902
184 55292491 dangling.L 177
184 55292491 dangling.R 1057
184 55292491 random 40132
184 55292491 rejoined 2367
185 55815800 dangling.L 55
185 55815800 dangling.R 418
185 55815800 random 5609
185 55815800 rejoined 504
186 56796362 dangling.L 394
186 56796362 dangling.R 168
186 56796362 random 2063
186 56796362 rejoined 816
187 56948406 dangling.L 42
187 56948406 dangling.R 382
187 56948406 random 15524
187 56948406 rejoined 432
188 57082566 dangling.L 582
188 57082566 dangling.R 188
188 57082566 random 8253
188 57082566 rejoined 718
189 57388754 dangling.L 269
189 57388754 dangling.R 136
189 57388754 random 11794
189 57388754 rejoined 530
190 57685024 dangling.L 94
190 57685024 dangling.R 31
190 57685024 random 3656
190 57685024 rejoined 144
191 58528457 dangling.L 247
191 58528457 dangling.R 471
191 58528457 random 21784
191 58528457 rejoined 764
192 59150060 dangling.L 1080
192 59150060 dangling.R 111
192 59150060 random 4633
192 59150060 rejoined 1906
193 59240357 dangling.L 29
193 59240357 random 7289
193 59240357 rejoined 76
194 59334868 dangling.L 875
194 59334868 dangling.R 314
194 59334868 random 15090
194 59334868 rejoined 1447
195 59419771 dangling.L 132
195 59419771 dangling.R 112
195 59419771 random 1624
195 59419771 rejoined 538
196 59532680 dangling.L 770
196 59532680 dangling.R 738
196 59532680 random 1546
196 59532680 rejoined 2711
197 60965152 dangling.L 559
197 60965152 dangling.R 667
197 60965152 random 2784
197 60965152 rejoined 3277
