tno tbegin category N
1 3322801 dangling.L 570
1 3322801 dangling.R 219
1 3322801 random 14754
1 3322801 rejoined 530
2 3766921 dangling.L 991
2 3766921 dangling.R 3260
2 3766921 random 14003
2 3766921 rejoined 5263
3 3934686 dangling.L 1056
3 3934686 dangling.R 507
3 3934686 random 1750
3 3934686 rejoined 2022
4 4213892 dangling.L 47
4 4213892 dangling.R 535
4 4213892 random 12960
4 4213892 rejoined 323
5 4257011 dangling.L 1998
5 4257011 dangling.R 2402
5 4257011 random 31568
5 4257011 rejoined 5848
6 4305456 dangling.L 184
6 4305456 dangling.R 283
6 4305456 random 4588
6 4305456 rejoined 492
7 4396578 dangling.L 555
7 4396578 dangling.R 195
7 4396578 random 906
7 4396578 rejoined 643
8 4476644 dangling.L 850
8 4476644 dangling.R 212
8 4476644 random 10907
8 4476644 rejoined 1104
9 4698169 dangling.L 1394
9 4698169 dangling.R 1098
9 4698169 random 23251
9 4698169 rejoined 4505
10 4838823 dangling.L 2931
10 4838823 dangling.R 2545
10 4838823 random 18930
10 4838823 rejoined 7960
11 4942593 dangling.L 62
11 4942593 dangling.R 775
11 4942593 random 10011
11 4942593 rejoined 3454
12 5001662 dangling.L 2023
12 5001662 dangling.R 2366
12 5001662 random 19432
12 5001662 rejoined 3507
13 5040904 dangling.L 2681
13 5040904 dangling.R 3220
13 5040904 random 5737
13 5040904 rejoined 5576
14 5050308 dangling.L 1987
14 5050308 dangling.R 2738
14 5050308 random 12788
14 5050308 rejoined 4379
15 5067578 dangling.L 1159
15 5067578 dangling.R 237
15 5067578 random 7333
15 5067578 rejoined 2284
16 5071900 dangling.L 637
16 5071900 dangling.R 3430
16 5071900 random 20555
16 5071900 rejoined 4186
17 5088038 dangling.L 3181
17 5088038 dangling.R 3279
17 5088038 random 14799
17 5088038 rejoined 5732
18 5097919 dangling.L 1254
18 5097919 dangling.R 159
18 5097919 random 12662
18 5097919 rejoined 234
19 5117909 dangling.L 169
19 5117909 dangling.R 1451
19 5117909 random 8078
19 5117909 rejoined 2557
20 5297831 dangling.L 2349
20 5297831 dangling.R 1931
20 5297831 random 22762
20 5297831 rejoined 5184
21 5306536 dangling.L 1585
21 5306536 dangling.R 995
21 5306536 random 7132
21 5306536 rejoined 5544
22 5388204 dangling.L 258
22 5388204 dangling.R 741
22 5388204 random 10389
22 5388204 rejoined 2495
23 5447198 dangling.L 1431
23 5447198 dangling.R 621
23 5447198 random 32981
23 5447198 rejoined 1156
24 5457064 dangling.L 257
24 5457064 dangling.R 1126
24 5457064 random 25893
24 5457064 rejoined 1519
25 5460107 dangling.L 1623
25 5460107 dangling.R 1351
25 5460107 random 34981
25 5460107 rejoined 2306
26 5474190 dangling.L 944
26 5474190 dangling.R 1194
26 5474190 random 5202
26 5474190 rejoined 3315
27 5560076 dangling.L 2560
27 5560076 dangling.R 1740
27 5560076 random 3887
27 5560076 rejoined 4429
28 5567574 dangling.L 627
28 5567574 dangling.R 151
28 5567574 random 6338
28 5567574 rejoined 968
29 5654312 dangling.L 2667
29 5654312 dangling.R 979
29 5654312 random 17464
29 5654312 rejoined 2188
30 5695578 dangling.L 2357
30 5695578 dangling.R 851
30 5695578 random 13494
30 5695578 rejoined 3871
31 5725818 dangling.L 2390
31 5725818 dangling.R 1382
31 5725818 random 14255
31 5725818 rejoined 4468
32 5770902 dangling.L 748
32 5770902 dangling.R 180
32 5770902 random 19307
32 5770902 rejoined 1136
33 5893608 dangling.R 1581
33 5893608 random 19910
33 5893608 rejoined 2814
34 5924317 dangling.L 1118
34 5924317 dangling.R 633
34 5924317 random 17302
34 5924317 rejoined 3604
35 6400083 dangling.L 4061
35 6400083 dangling.R 2488
35 6400083 random 23049
35 6400083 rejoined 7521
36 6418238 dangling.L 231
36 6418238 dangling.R 396
36 6418238 random 3000
36 6418238 rejoined 1038
37 6497535 dangling.L 350
37 6497535 dangling.R 112
37 6497535 random 2721
37 6497535 rejoined 769
38 6502053 dangling.L 1153
38 6502053 dangling.R 2138
38 6502053 random 20503
38 6502053 rejoined 4385
39 6529093 dangling.L 994
39 6529093 dangling.R 696
39 6529093 random 41249
39 6529093 rejoined 2713
40 6903935 dangling.L 1013
40 6903935 dangling.R 2159
40 6903935 random 3862
40 6903935 rejoined 5286
41 6914592 dangling.L 91
41 6914592 dangling.R 1729
41 6914592 random 10758
41 6914592 rejoined 2838
42 6995799 dangling.L 170
42 6995799 dangling.R 1000
42 6995799 random 8165
42 6995799 rejoined 2268
43 7008506 dangling.L 556
43 7008506 dangling.R 1271
43 7008506 random 11627
43 7008506 rejoined 3044
44 7130758 dangling.L 1680
44 7130758 dangling.R 402
44 7130758 random 10278
44 7130758 rejoined 1858
45 7239810 dangling.L 16
45 7239810 dangling.R 529
45 7239810 random 1609
45 7239810 rejoined 984
46 7491615 dangling.L 29
46 7491615 dangling.R 115
46 7491615 random 1647
46 7491615 rejoined 159
47 7496929 dangling.L 301
47 7496929 dangling.R 471
47 7496929 random 8867
47 7496929 rejoined 848
48 7631449 dangling.L 2290
48 7631449 dangling.R 965
48 7631449 random 11755
48 7631449 rejoined 5590
49 7686559 dangling.L 1340
49 7686559 dangling.R 904
49 7686559 random 19592
49 7686559 rejoined 3321
50 9003684 dangling.L 171
50 9003684 dangling.R 1422
50 9003684 random 12134
50 9003684 rejoined 1537
51 10092218 dangling.L 682
51 10092218 dangling.R 811
51 10092218 random 21458
51 10092218 rejoined 3764
52 10115538 dangling.L 223
52 10115538 dangling.R 102
52 10115538 random 5503
52 10115538 rejoined 554
53 10378868 dangling.L 613
53 10378868 dangling.R 521
53 10378868 random 2886
53 10378868 rejoined 1647
54 10463080 dangling.L 825
54 10463080 dangling.R 391
54 10463080 random 604
54 10463080 rejoined 1706
55 10531438 dangling.L 244
55 10531438 dangling.R 225
55 10531438 random 5994
55 10531438 rejoined 194
56 10943770 dangling.L 2185
56 10943770 dangling.R 635
56 10943770 random 10831
56 10943770 rejoined 3554
57 11014796 dangling.L 41
57 11014796 dangling.R 950
57 11014796 random 18376
57 11014796 rejoined 855
58 12085372 dangling.L 2332
58 12085372 dangling.R 1615
58 12085372 random 35997
58 12085372 rejoined 1789
59 12575987 dangling.L 2007
59 12575987 dangling.R 2470
59 12575987 random 12664
59 12575987 rejoined 4248
60 12670557 dangling.L 1639
60 12670557 dangling.R 1415
60 12670557 random 16685
60 12670557 rejoined 5475
61 16509657 dangling.L 1464
61 16509657 dangling.R 491
61 16509657 random 14656
61 16509657 rejoined 3506
62 16854924 dangling.L 2254
62 16854924 dangling.R 417
62 16854924 random 9523
62 16854924 rejoined 1233
63 17030108 dangling.L 926
63 17030108 dangling.R 1288
63 17030108 random 5810
63 17030108 rejoined 3394
64 17430658 dangling.L 1833
64 17430658 dangling.R 1410
64 17430658 random 17952
64 17430658 rejoined 5215
65 17468033 dangling.L 1244
65 17468033 dangling.R 1505
65 17468033 random 6397
65 17468033 rejoined 4868
66 17911623 dangling.L 183
66 17911623 dangling.R 104
66 17911623 random 15376
66 17911623 rejoined 331
67 18705804 dangling.L 470
67 18705804 dangling.R 1718
67 18705804 random 6500
67 18705804 rejoined 2498
68 18823973 dangling.L 2188
68 18823973 dangling.R 1543
68 18823973 random 22214
68 18823973 rejoined 3791
69 19185187 dangling.L 1409
69 19185187 dangling.R 834
69 19185187 random 7975
69 19185187 rejoined 3613
70 21546652 dangling.L 1342
70 21546652 dangling.R 1543
70 21546652 random 14374
70 21546652 rejoined 4810
71 21852332 dangling.L 522
71 21852332 dangling.R 261
71 21852332 random 1864
71 21852332 rejoined 1080
72 23832866 dangling.L 402
72 23832866 dangling.R 162
72 23832866 random 3031
72 23832866 rejoined 773
73 23967163 dangling.L 224
73 23967163 dangling.R 519
73 23967163 random 3338
73 23967163 rejoined 968
74 24105010 dangling.L 12
74 24105010 dangling.R 9
74 24105010 random 6426
74 24105010 rejoined 78
75 24629818 dangling.L 665
75 24629818 dangling.R 714
75 24629818 random 3482
75 24629818 rejoined 1751
76 24935833 dangling.L 2189
76 24935833 dangling.R 1733
76 24935833 random 7751
76 24935833 rejoined 5063
77 25073519 dangling.L 293
77 25073519 dangling.R 777
77 25073519 random 2318
77 25073519 rejoined 2358
78 25311192 dangling.L 1061
78 25311192 dangling.R 1645
78 25311192 random 6320
78 25311192 rejoined 1849
79 25579696 dangling.L 88
79 25579696 dangling.R 917
79 25579696 random 10118
79 25579696 rejoined 810
80 25680456 dangling.L 2489
80 25680456 dangling.R 2599
80 25680456 random 17675
80 25680456 rejoined 6354
81 25684527 dangling.L 2
81 25684527 dangling.R 92
81 25684527 random 1516
81 25684527 rejoined 185
82 25746230 dangling.L 1331
82 25746230 dangling.R 4279
82 25746230 random 10670
82 25746230 rejoined 7064
83 26679150 dangling.L 203
83 26679150 dangling.R 456
83 26679150 random 12576
83 26679150 rejoined 808
84 27291010 dangling.L 248
84 27291010 dangling.R 582
84 27291010 random 6534
84 27291010 rejoined 439
85 28754068 dangling.L 49
85 28754068 dangling.R 374
85 28754068 random 5586
85 28754068 rejoined 968
86 28909156 dangling.L 1119
86 28909156 dangling.R 1717
86 28909156 random 2974
86 28909156 rejoined 3638
87 29038145 dangling.L 314
87 29038145 dangling.R 120
87 29038145 random 6789
87 29038145 rejoined 593
88 29049340 dangling.L 1870
88 29049340 dangling.R 1752
88 29049340 random 14854
88 29049340 rejoined 3954
89 29121893 dangling.L 269
89 29121893 dangling.R 826
89 29121893 random 20342
89 29121893 rejoined 1085
90 29175365 dangling.L 954
90 29175365 dangling.R 861
90 29175365 random 6934
90 29175365 rejoined 1769
91 29325818 dangling.L 963
91 29325818 dangling.R 45
91 29325818 random 2093
91 29325818 rejoined 1037
92 29596272 dangling.L 111
92 29596272 dangling.R 796
92 29596272 random 4167
92 29596272 rejoined 1108
93 29886965 dangling.L 323
93 29886965 dangling.R 887
93 29886965 random 39427
93 29886965 rejoined 3928
94 30104503 dangling.L 414
94 30104503 dangling.R 1060
94 30104503 random 7281
94 30104503 rejoined 763
95 30249432 dangling.L 1015
95 30249432 dangling.R 120
95 30249432 random 18114
95 30249432 rejoined 894
96 30623487 dangling.L 1772
96 30623487 dangling.R 1104
96 30623487 random 18026
96 30623487 rejoined 3772
97 31738361 dangling.L 788
97 31738361 dangling.R 494
97 31738361 random 5238
97 31738361 rejoined 1055
98 31839024 dangling.L 635
98 31839024 dangling.R 1488
98 31839024 random 4428
98 31839024 rejoined 2456
99 32182073 dangling.L 2292
99 32182073 dangling.R 1013
99 32182073 random 21002
99 32182073 rejoined 3607
100 32463206 dangling.L 2151
100 32463206 dangling.R 2257
100 32463206 random 3422
100 32463206 rejoined 3743
101 32669705 dangling.L 275
101 32669705 dangling.R 318
101 32669705 random 17319
101 32669705 rejoined 1238
102 34821102 dangling.L 1265
102 34821102 dangling.R 1483
102 34821102 random 5643
102 34821102 rejoined 3955
103 36131351 dangling.L 311
103 36131351 dangling.R 45
103 36131351 random 2545
103 36131351 rejoined 392
104 36422705 dangling.L 206
104 36422705 dangling.R 920
104 36422705 random 2128
104 36422705 rejoined 1241
105 36628629 dangling.L 942
105 36628629 dangling.R 11
105 36628629 random 5396
105 36628629 rejoined 864
106 36810595 dangling.L 1429
106 36810595 dangling.R 1112
106 36810595 random 27002
106 36810595 rejoined 1533
107 36993590 dangling.L 3018
107 36993590 dangling.R 2745
107 36993590 random 29380
107 36993590 rejoined 8392
108 37247833 dangling.L 1987
108 37247833 dangling.R 1591
108 37247833 random 40435
108 37247833 rejoined 3092
109 37307943 dangling.L 1440
109 37307943 dangling.R 1462
109 37307943 random 13460
109 37307943 rejoined 2798
110 37508831 dangling.L 193
110 37508831 dangling.R 278
110 37508831 random 1311
110 37508831 rejoined 478
111 37624408 dangling.L 631
111 37624408 dangling.R 186
111 37624408 random 10913
111 37624408 rejoined 1392
112 37767014 dangling.L 1328
112 37767014 dangling.R 1911
112 37767014 random 15982
112 37767014 rejoined 4996
113 37771798 dangling.L 1352
113 37771798 dangling.R 896
113 37771798 random 3556
113 37771798 rejoined 2528
114 38117568 dangling.L 722
114 38117568 dangling.R 2123
114 38117568 random 25912
114 38117568 rejoined 6888
115 38171069 dangling.L 150
115 38171069 dangling.R 468
115 38171069 random 6181
115 38171069 rejoined 1065
116 38199312 dangling.L 1753
116 38199312 dangling.R 1336
116 38199312 random 15726
116 38199312 rejoined 6339
117 38555359 dangling.L 560
117 38555359 dangling.R 252
117 38555359 random 20079
117 38555359 rejoined 800
118 38910569 dangling.L 839
118 38910569 dangling.R 2049
118 38910569 random 6295
118 38910569 rejoined 3059
119 40345607 dangling.L 1564
119 40345607 dangling.R 1841
119 40345607 random 6426
119 40345607 rejoined 3611
120 40686206 dangling.L 1985
120 40686206 dangling.R 2958
120 40686206 random 6018
120 40686206 rejoined 4233
121 40905269 dangling.L 504
121 40905269 dangling.R 972
121 40905269 random 3170
121 40905269 rejoined 1118
122 41280765 dangling.L 241
122 41280765 dangling.R 383
122 41280765 random 18830
122 41280765 rejoined 1292
123 41337995 dangling.L 190
123 41337995 dangling.R 1962
123 41337995 random 4109
123 41337995 rejoined 4158
124 41459061 dangling.R 498
124 41459061 random 19918
124 41459061 rejoined 1174
125 41817847 dangling.L 532
125 41817847 dangling.R 180
125 41817847 random 14567
125 41817847 rejoined 2241
126 41876075 dangling.L 1681
126 41876075 dangling.R 3989
126 41876075 random 13355
126 41876075 rejoined 4359
127 41903960 dangling.L 15
127 41903960 dangling.R 350
127 41903960 random 9325
127 41903960 rejoined 506
128 41922123 dangling.L 288
128 41922123 dangling.R 2
128 41922123 random 13790
128 41922123 rejoined 237
129 42055753 dangling.L 417
129 42055753 dangling.R 236
129 42055753 random 2912
129 42055753 rejoined 643
130 42276243 dangling.L 373
130 42276243 dangling.R 115
130 42276243 random 22281
130 42276243 rejoined 603
131 42329729 dangling.L 1388
131 42329729 dangling.R 282
131 42329729 random 13981
131 42329729 rejoined 1160
132 42505774 dangling.L 354
132 42505774 dangling.R 147
132 42505774 random 1001
132 42505774 rejoined 717
133 42869322 dangling.L 459
133 42869322 dangling.R 1889
133 42869322 random 20641
133 42869322 rejoined 2754
134 43645361 dangling.L 3644
134 43645361 dangling.R 1851
134 43645361 random 21767
134 43645361 rejoined 10771
135 43763679 dangling.L 1450
135 43763679 dangling.R 1039
135 43763679 random 12553
135 43763679 rejoined 5488
136 44014189 dangling.L 1370
136 44014189 dangling.R 1853
136 44014189 random 5489
136 44014189 rejoined 3085
137 44143776 dangling.L 776
137 44143776 dangling.R 1537
137 44143776 random 14777
137 44143776 rejoined 4568
138 44619839 dangling.L 1496
138 44619839 dangling.R 1210
138 44619839 random 16060
138 44619839 rejoined 5558
139 44746152 dangling.L 149
139 44746152 dangling.R 636
139 44746152 random 9825
139 44746152 rejoined 2179
140 44758058 dangling.L 775
140 44758058 dangling.R 1503
140 44758058 random 21319
140 44758058 rejoined 2970
141 44794223 dangling.L 1234
141 44794223 dangling.R 142
141 44794223 random 18000
141 44794223 rejoined 1722
142 44798209 dangling.L 527
142 44798209 dangling.R 449
142 44798209 random 19050
142 44798209 rejoined 1469
143 44831384 dangling.L 308
143 44831384 dangling.R 1252
143 44831384 random 11368
143 44831384 rejoined 2411
144 44909929 dangling.L 1347
144 44909929 dangling.R 542
144 44909929 random 5489
144 44909929 rejoined 2266
145 44956590 dangling.L 517
145 44956590 dangling.R 1119
145 44956590 random 18837
145 44956590 rejoined 1913
146 45063334 dangling.L 886
146 45063334 dangling.R 1476
146 45063334 random 1944
146 45063334 rejoined 2996
147 45121566 dangling.L 2397
147 45121566 dangling.R 2526
147 45121566 random 14413
147 45121566 rejoined 7867
148 45150129 dangling.L 1677
148 45150129 dangling.R 1213
148 45150129 random 20130
148 45150129 rejoined 5972
149 45153999 dangling.L 1617
149 45153999 dangling.R 1515
149 45153999 random 11672
149 45153999 rejoined 6688
150 45217525 dangling.L 1686
150 45217525 dangling.R 3329
150 45217525 random 5717
150 45217525 rejoined 6172
151 45224705 dangling.L 674
151 45224705 dangling.R 1533
151 45224705 random 2866
151 45224705 rejoined 3455
152 45309227 dangling.L 76
152 45309227 dangling.R 430
152 45309227 random 3214
152 45309227 rejoined 677
153 45367701 dangling.L 1856
153 45367701 dangling.R 459
153 45367701 random 14450
153 45367701 rejoined 4963
154 45375876 dangling.L 1112
154 45375876 dangling.R 901
154 45375876 random 4446
154 45375876 rejoined 2072
155 45615848 dangling.L 1691
155 45615848 dangling.R 552
155 45615848 random 7416
155 45615848 rejoined 3252
156 45618936 dangling.L 109
156 45618936 dangling.R 1234
156 45618936 random 17550
156 45618936 rejoined 1651
157 45816875 dangling.L 249
157 45816875 dangling.R 96
157 45816875 random 1427
157 45816875 rejoined 1120
158 46210289 dangling.L 371
158 46210289 dangling.R 528
158 46210289 random 8765
158 46210289 rejoined 1453
159 46379685 dangling.L 1111
159 46379685 dangling.R 882
159 46379685 random 9910
159 46379685 rejoined 3719
160 46383011 dangling.L 973
160 46383011 dangling.R 1181
160 46383011 random 7455
160 46383011 rejoined 5981
161 46391806 dangling.L 8
161 46391806 dangling.R 97
161 46391806 random 9896
161 46391806 rejoined 85
162 46402174 dangling.L 577
162 46402174 dangling.R 1276
162 46402174 random 22721
162 46402174 rejoined 3542
163 46422979 dangling.L 357
163 46422979 dangling.R 1054
163 46422979 random 9191
163 46422979 rejoined 2198
164 46470908 dangling.L 457
164 46470908 dangling.R 3456
164 46470908 random 19965
164 46470908 rejoined 1497
165 46647355 dangling.L 239
165 46647355 dangling.R 1378
165 46647355 random 11787
165 46647355 rejoined 1757
166 46835599 dangling.L 1164
166 46835599 dangling.R 221
166 46835599 random 7717
166 46835599 rejoined 1328
167 47088688 dangling.L 627
167 47088688 dangling.R 590
167 47088688 random 6164
167 47088688 rejoined 1599
168 47252810 dangling.L 1147
168 47252810 dangling.R 1118
168 47252810 random 6544
168 47252810 rejoined 3900
169 47327531 dangling.L 145
169 47327531 dangling.R 48
169 47327531 random 13501
169 47327531 rejoined 126
170 47388193 dangling.L 109
170 47388193 dangling.R 1336
170 47388193 random 13847
170 47388193 rejoined 3397
171 47413179 dangling.L 1406
171 47413179 dangling.R 1657
171 47413179 random 23758
171 47413179 rejoined 6524
172 47417458 dangling.L 2133
172 47417458 dangling.R 1575
172 47417458 random 13578
172 47417458 rejoined 4280
173 47538402 dangling.L 509
173 47538402 dangling.R 646
173 47538402 random 4762
173 47538402 rejoined 2349
174 47928979 dangling.L 1045
174 47928979 dangling.R 2449
174 47928979 random 11676
174 47928979 rejoined 1602
175 47939535 dangling.L 1242
175 47939535 dangling.R 1636
175 47939535 random 16034
175 47939535 rejoined 6659
176 47993290 dangling.L 1929
176 47993290 dangling.R 1298
176 47993290 random 12482
176 47993290 rejoined 5001
177 48280015 dangling.L 1307
177 48280015 dangling.R 1122
177 48280015 random 3411
177 48280015 rejoined 3999
178 50752637 dangling.R 722
178 50752637 random 6648
178 50752637 rejoined 1317
179 53217987 dangling.L 1186
179 53217987 dangling.R 1177
179 53217987 random 45015
179 53217987 rejoined 5836
180 53384496 dangling.L 7
180 53384496 dangling.R 396
180 53384496 random 21313
180 53384496 rejoined 940
181 53603308 dangling.L 737
181 53603308 dangling.R 9
181 53603308 random 5545
181 53603308 rejoined 405
182 53751296 dangling.L 632
182 53751296 dangling.R 503
182 53751296 random 4491
182 53751296 rejoined 1079
183 54119172 dangling.L 587
183 54119172 dangling.R 358
183 54119172 random 2615
183 54119172 rejoined 1107
184 55292491 dangling.L 561
184 55292491 dangling.R 1081
184 55292491 random 36747
184 55292491 rejoined 2469
185 55815800 dangling.L 226
185 55815800 dangling.R 840
185 55815800 random 5663
185 55815800 rejoined 970
186 56796362 dangling.L 623
186 56796362 dangling.R 248
186 56796362 random 2346
186 56796362 rejoined 1120
187 56948406 dangling.L 35
187 56948406 dangling.R 581
187 56948406 random 15756
187 56948406 rejoined 362
188 57082566 dangling.L 1259
188 57082566 dangling.R 625
188 57082566 random 9859
188 57082566 rejoined 1129
189 57388754 dangling.L 490
189 57388754 dangling.R 118
189 57388754 random 12854
189 57388754 rejoined 416
190 57685024 dangling.L 152
190 57685024 dangling.R 45
190 57685024 random 3550
190 57685024 rejoined 117
191 58528457 dangling.L 372
191 58528457 dangling.R 732
191 58528457 random 21645
191 58528457 rejoined 761
192 59150060 dangling.L 1755
192 59150060 dangling.R 229
192 59150060 random 5472
192 59150060 rejoined 3372
193 59240357 dangling.L 55
193 59240357 dangling.R 1
193 59240357 random 6695
193 59240357 rejoined 146
194 59334868 dangling.L 1045
194 59334868 dangling.R 577
194 59334868 random 15303
194 59334868 rejoined 1917
195 59419771 dangling.L 283
195 59419771 dangling.R 284
195 59419771 random 1970
195 59419771 rejoined 605
196 59532680 dangling.L 1726
196 59532680 dangling.R 1322
196 59532680 random 2176
196 59532680 rejoined 4147
197 60965152 dangling.L 1416
197 60965152 dangling.R 2222
197 60965152 random 4569
197 60965152 rejoined 4360
