tno tbegin category N
1 3322801 dangling.L 440
1 3322801 dangling.R 196
1 3322801 random 18467
1 3322801 rejoined 543
2 3766921 dangling.L 591
2 3766921 dangling.R 2021
2 3766921 random 14030
2 3766921 rejoined 4379
3 3934686 dangling.L 1123
3 3934686 dangling.R 403
3 3934686 random 1514
3 3934686 rejoined 1935
4 4213892 dangling.L 40
4 4213892 dangling.R 495
4 4213892 random 16241
4 4213892 rejoined 619
5 4257011 dangling.L 1635
5 4257011 dangling.R 1559
5 4257011 random 38265
5 4257011 rejoined 5218
6 4305456 dangling.L 104
6 4305456 dangling.R 235
6 4305456 random 5866
6 4305456 rejoined 424
7 4396578 dangling.L 326
7 4396578 dangling.R 79
7 4396578 random 1094
7 4396578 rejoined 634
8 4476644 dangling.L 905
8 4476644 dangling.R 189
8 4476644 random 12159
8 4476644 rejoined 865
9 4698169 dangling.L 1871
9 4698169 dangling.R 977
9 4698169 random 29595
9 4698169 rejoined 4668
10 4838823 dangling.L 2202
10 4838823 dangling.R 1630
10 4838823 random 23999
10 4838823 rejoined 5119
11 4942593 dangling.L 41
11 4942593 dangling.R 701
11 4942593 random 13539
11 4942593 rejoined 3930
12 5001662 dangling.L 1243
12 5001662 dangling.R 1352
12 5001662 random 21095
12 5001662 rejoined 3059
13 5040904 dangling.L 1430
13 5040904 dangling.R 3333
13 5040904 random 4932
13 5040904 rejoined 3910
14 5050308 dangling.L 1020
14 5050308 dangling.R 1093
14 5050308 random 13405
14 5050308 rejoined 3845
15 5067578 dangling.L 676
15 5067578 dangling.R 155
15 5067578 random 7622
15 5067578 rejoined 1634
16 5071900 dangling.L 293
16 5071900 dangling.R 2103
16 5071900 random 28186
16 5071900 rejoined 3390
17 5088038 dangling.L 1226
17 5088038 dangling.R 1503
17 5088038 random 13370
17 5088038 rejoined 5420
18 5097919 dangling.L 777
18 5097919 dangling.R 79
18 5097919 random 15483
18 5097919 rejoined 349
19 5117909 dangling.L 161
19 5117909 dangling.R 1290
19 5117909 random 8565
19 5117909 rejoined 2117
20 5297831 dangling.L 1324
20 5297831 dangling.R 880
20 5297831 random 24101
20 5297831 rejoined 4422
21 5306536 dangling.L 693
21 5306536 dangling.R 509
21 5306536 random 6139
21 5306536 rejoined 4662
22 5388204 dangling.L 255
22 5388204 dangling.R 492
22 5388204 random 13622
22 5388204 rejoined 2102
23 5447198 dangling.L 1288
23 5447198 dangling.R 776
23 5447198 random 43718
23 5447198 rejoined 1400
24 5457064 dangling.L 274
24 5457064 dangling.R 1000
24 5457064 random 32543
24 5457064 rejoined 1577
25 5460107 dangling.L 926
25 5460107 dangling.R 1057
25 5460107 random 46304
25 5460107 rejoined 2642
26 5474190 dangling.L 588
26 5474190 dangling.R 728
26 5474190 random 4233
26 5474190 rejoined 2086
27 5560076 dangling.L 2523
27 5560076 dangling.R 759
27 5560076 random 3765
27 5560076 rejoined 3153
28 5567574 dangling.L 550
28 5567574 dangling.R 61
28 5567574 random 8010
28 5567574 rejoined 1172
29 5654312 dangling.L 1277
29 5654312 dangling.R 524
29 5654312 random 20894
29 5654312 rejoined 2251
30 5695578 dangling.L 1366
30 5695578 dangling.R 630
30 5695578 random 12563
30 5695578 rejoined 4316
31 5725818 dangling.L 1327
31 5725818 dangling.R 849
31 5725818 random 15360
31 5725818 rejoined 3855
32 5770902 dangling.L 588
32 5770902 dangling.R 154
32 5770902 random 25755
32 5770902 rejoined 976
33 5893608 dangling.R 1368
33 5893608 random 26177
33 5893608 rejoined 2793
34 5924317 dangling.L 960
34 5924317 dangling.R 238
34 5924317 random 20321
34 5924317 rejoined 2463
35 6400083 dangling.L 3346
35 6400083 dangling.R 1185
35 6400083 random 26113
35 6400083 rejoined 6037
36 6418238 dangling.L 106
36 6418238 dangling.R 243
36 6418238 random 2954
36 6418238 rejoined 844
37 6497535 dangling.L 408
37 6497535 dangling.R 89
37 6497535 random 4177
37 6497535 rejoined 697
38 6502053 dangling.L 762
38 6502053 dangling.R 1403
38 6502053 random 22318
38 6502053 rejoined 4703
39 6529093 dangling.L 707
39 6529093 dangling.R 645
39 6529093 random 49272
39 6529093 rejoined 2838
40 6903935 dangling.L 482
40 6903935 dangling.R 1067
40 6903935 random 3312
40 6903935 rejoined 4358
41 6914592 dangling.L 97
41 6914592 dangling.R 1313
41 6914592 random 12101
41 6914592 rejoined 2691
42 6995799 dangling.L 108
42 6995799 dangling.R 812
42 6995799 random 9693
42 6995799 rejoined 2194
43 7008506 dangling.L 446
43 7008506 dangling.R 905
43 7008506 random 13045
43 7008506 rejoined 2804
44 7130758 dangling.L 816
44 7130758 dangling.R 204
44 7130758 random 10672
44 7130758 rejoined 1631
45 7239810 dangling.L 17
45 7239810 dangling.R 457
45 7239810 random 1894
45 7239810 rejoined 1176
46 7491615 dangling.L 19
46 7491615 dangling.R 52
46 7491615 random 1978
46 7491615 rejoined 118
47 7496929 dangling.L 165
47 7496929 dangling.R 363
47 7496929 random 11316
47 7496929 rejoined 1072
48 7631449 dangling.L 1346
48 7631449 dangling.R 416
48 7631449 random 8919
48 7631449 rejoined 4442
49 7686559 dangling.L 685
49 7686559 dangling.R 697
49 7686559 random 26391
49 7686559 rejoined 2544
50 9003684 dangling.L 113
50 9003684 dangling.R 937
50 9003684 random 16049
50 9003684 rejoined 1522
51 10092218 dangling.L 361
51 10092218 dangling.R 586
51 10092218 random 26580
51 10092218 rejoined 4912
52 10115538 dangling.L 159
52 10115538 dangling.R 134
52 10115538 random 7533
52 10115538 rejoined 792
53 10378868 dangling.L 335
53 10378868 dangling.R 304
53 10378868 random 3699
53 10378868 rejoined 1060
54 10463080 dangling.L 631
54 10463080 dangling.R 373
54 10463080 random 903
54 10463080 rejoined 1637
55 10531438 dangling.L 81
55 10531438 dangling.R 54
55 10531438 random 8007
55 10531438 rejoined 190
56 10943770 dangling.L 1324
56 10943770 dangling.R 358
56 10943770 random 11476
56 10943770 rejoined 2507
57 11014796 dangling.L 51
57 11014796 dangling.R 887
57 11014796 random 24529
57 11014796 rejoined 984
58 12085372 dangling.L 1431
58 12085372 dangling.R 750
58 12085372 random 48993
58 12085372 rejoined 2218
59 12575987 dangling.L 779
59 12575987 dangling.R 1664
59 12575987 random 15313
59 12575987 rejoined 4921
60 12670557 dangling.L 1332
60 12670557 dangling.R 691
60 12670557 random 20823
60 12670557 rejoined 5492
61 16509657 dangling.L 1241
61 16509657 dangling.R 336
61 16509657 random 16669
61 16509657 rejoined 3553
62 16854924 dangling.L 2402
62 16854924 dangling.R 474
62 16854924 random 12718
62 16854924 rejoined 1140
63 17030108 dangling.L 654
63 17030108 dangling.R 970
63 17030108 random 6067
63 17030108 rejoined 3007
64 17430658 dangling.L 1202
64 17430658 dangling.R 1023
64 17430658 random 18882
64 17430658 rejoined 4411
65 17468033 dangling.L 590
65 17468033 dangling.R 903
65 17468033 random 5301
65 17468033 rejoined 4367
66 17911623 dangling.L 135
66 17911623 dangling.R 69
66 17911623 random 20315
66 17911623 rejoined 385
67 18705804 dangling.L 224
67 18705804 dangling.R 944
67 18705804 random 6547
67 18705804 rejoined 2342
68 18823973 dangling.L 1766
68 18823973 dangling.R 843
68 18823973 random 25230
68 18823973 rejoined 3844
69 19185187 dangling.L 1035
69 19185187 dangling.R 632
69 19185187 random 8763
69 19185187 rejoined 3440
70 21546652 dangling.L 953
70 21546652 dangling.R 1740
70 21546652 random 13776
70 21546652 rejoined 4028
71 21852332 dangling.L 238
71 21852332 dangling.R 171
71 21852332 random 2281
71 21852332 rejoined 1048
72 23832866 dangling.L 205
72 23832866 dangling.R 97
72 23832866 random 3876
72 23832866 rejoined 787
73 23967163 dangling.L 94
73 23967163 dangling.R 262
73 23967163 random 3982
73 23967163 rejoined 1096
74 24105010 dangling.L 7
74 24105010 dangling.R 10
74 24105010 random 9361
74 24105010 rejoined 70
75 24629818 dangling.L 354
75 24629818 dangling.R 707
75 24629818 random 3400
75 24629818 rejoined 1297
76 24935833 dangling.L 1369
76 24935833 dangling.R 1032
76 24935833 random 8933
76 24935833 rejoined 4906
77 25073519 dangling.L 174
77 25073519 dangling.R 572
77 25073519 random 2326
77 25073519 rejoined 2653
78 25311192 dangling.L 501
78 25311192 dangling.R 493
78 25311192 random 6383
78 25311192 rejoined 1493
79 25579696 dangling.L 76
79 25579696 dangling.R 634
79 25579696 random 11097
79 25579696 rejoined 961
80 25680456 dangling.L 1479
80 25680456 dangling.R 1848
80 25680456 random 20796
80 25680456 rejoined 7168
81 25684527 dangling.R 49
81 25684527 random 2031
81 25684527 rejoined 232
82 25746230 dangling.L 845
82 25746230 dangling.R 2124
82 25746230 random 11129
82 25746230 rejoined 6118
83 26679150 dangling.L 239
83 26679150 dangling.R 280
83 26679150 random 16939
83 26679150 rejoined 723
84 27291010 dangling.L 207
84 27291010 dangling.R 374
84 27291010 random 8682
84 27291010 rejoined 522
85 28754068 dangling.L 24
85 28754068 dangling.R 375
85 28754068 random 7271
85 28754068 rejoined 830
86 28909156 dangling.L 599
86 28909156 dangling.R 972
86 28909156 random 2572
86 28909156 rejoined 2245
87 29038145 dangling.L 213
87 29038145 dangling.R 111
87 29038145 random 8923
87 29038145 rejoined 711
88 29049340 dangling.L 1157
88 29049340 dangling.R 736
88 29049340 random 15749
88 29049340 rejoined 2612
89 29121893 dangling.L 150
89 29121893 dangling.R 533
89 29121893 random 30541
89 29121893 rejoined 948
90 29175365 dangling.L 414
90 29175365 dangling.R 345
90 29175365 random 7466
90 29175365 rejoined 1891
91 29325818 dangling.L 675
91 29325818 dangling.R 30
91 29325818 random 1992
91 29325818 rejoined 840
92 29596272 dangling.L 82
92 29596272 dangling.R 484
92 29596272 random 3911
92 29596272 rejoined 1071
93 29886965 dangling.L 321
93 29886965 dangling.R 803
93 29886965 random 45371
93 29886965 rejoined 3608
94 30104503 dangling.L 244
94 30104503 dangling.R 530
94 30104503 random 6664
94 30104503 rejoined 792
95 30249432 dangling.L 931
95 30249432 dangling.R 58
95 30249432 random 22393
95 30249432 rejoined 963
96 30623487 dangling.L 1532
96 30623487 dangling.R 384
96 30623487 random 21346
96 30623487 rejoined 2933
97 31738361 dangling.L 648
97 31738361 dangling.R 175
97 31738361 random 6252
97 31738361 rejoined 1133
98 31839024 dangling.L 271
98 31839024 dangling.R 781
98 31839024 random 3464
98 31839024 rejoined 1612
99 32182073 dangling.L 1665
99 32182073 dangling.R 430
99 32182073 random 25710
99 32182073 rejoined 3680
100 32463206 dangling.L 949
100 32463206 dangling.R 835
100 32463206 random 2547
100 32463206 rejoined 2231
101 32669705 dangling.L 242
101 32669705 dangling.R 204
101 32669705 random 24169
101 32669705 rejoined 1243
102 34821102 dangling.L 804
102 34821102 dangling.R 1042
102 34821102 random 5823
102 34821102 rejoined 3398
103 36131351 dangling.L 205
103 36131351 dangling.R 21
103 36131351 random 3732
103 36131351 rejoined 303
104 36422705 dangling.L 127
104 36422705 dangling.R 481
104 36422705 random 2596
104 36422705 rejoined 1145
105 36628629 dangling.L 700
105 36628629 dangling.R 17
105 36628629 random 7409
105 36628629 rejoined 950
106 36810595 dangling.L 1053
106 36810595 dangling.R 684
106 36810595 random 33692
106 36810595 rejoined 1673
107 36993590 dangling.L 2084
107 36993590 dangling.R 1678
107 36993590 random 31563
107 36993590 rejoined 7678
108 37247833 dangling.L 1463
108 37247833 dangling.R 1217
108 37247833 random 52070
108 37247833 rejoined 3454
109 37307943 dangling.L 1087
109 37307943 dangling.R 1230
109 37307943 random 16252
109 37307943 rejoined 2733
110 37508831 dangling.L 106
110 37508831 dangling.R 134
110 37508831 random 1625
110 37508831 rejoined 434
111 37624408 dangling.L 388
111 37624408 dangling.R 142
111 37624408 random 12297
111 37624408 rejoined 973
112 37767014 dangling.L 842
112 37767014 dangling.R 1122
112 37767014 random 18276
112 37767014 rejoined 4773
113 37771798 dangling.L 898
113 37771798 dangling.R 382
113 37771798 random 3381
113 37771798 rejoined 2209
114 38117568 dangling.L 640
114 38117568 dangling.R 1950
114 38117568 random 29494
114 38117568 rejoined 5659
115 38171069 dangling.L 107
115 38171069 dangling.R 295
115 38171069 random 7888
115 38171069 rejoined 798
116 38199312 dangling.L 1402
116 38199312 dangling.R 991
116 38199312 random 14003
116 38199312 rejoined 6095
117 38555359 dangling.L 460
117 38555359 dangling.R 165
117 38555359 random 22961
117 38555359 rejoined 892
118 38910569 dangling.L 458
118 38910569 dangling.R 968
118 38910569 random 5710
118 38910569 rejoined 2895
119 40345607 dangling.L 1165
119 40345607 dangling.R 833
119 40345607 random 5354
119 40345607 rejoined 3169
120 40686206 dangling.L 754
120 40686206 dangling.R 1224
120 40686206 random 5800
120 40686206 rejoined 3507
121 40905269 dangling.L 340
121 40905269 dangling.R 565
121 40905269 random 3954
121 40905269 rejoined 1125
122 41280765 dangling.L 204
122 41280765 dangling.R 311
122 41280765 random 23364
122 41280765 rejoined 1412
123 41337995 dangling.L 72
123 41337995 dangling.R 1473
123 41337995 random 5310
123 41337995 rejoined 3217
124 41459061 dangling.R 479
124 41459061 random 25669
124 41459061 rejoined 1161
125 41817847 dangling.L 516
125 41817847 dangling.R 134
125 41817847 random 18196
125 41817847 rejoined 2332
126 41876075 dangling.L 706
126 41876075 dangling.R 2455
126 41876075 random 15386
126 41876075 rejoined 4756
127 41903960 dangling.L 14
127 41903960 dangling.R 360
127 41903960 random 11429
127 41903960 rejoined 470
128 41922123 dangling.L 325
128 41922123 random 18682
128 41922123 rejoined 202
129 42055753 dangling.L 238
129 42055753 dangling.R 93
129 42055753 random 2992
129 42055753 rejoined 521
130 42276243 dangling.L 353
130 42276243 dangling.R 58
130 42276243 random 33219
130 42276243 rejoined 884
131 42329729 dangling.L 916
131 42329729 dangling.R 70
131 42329729 random 14541
131 42329729 rejoined 1040
132 42505774 dangling.L 234
132 42505774 dangling.R 82
132 42505774 random 1267
132 42505774 rejoined 628
133 42869322 dangling.L 372
133 42869322 dangling.R 1730
133 42869322 random 29463
133 42869322 rejoined 2244
134 43645361 dangling.L 2946
134 43645361 dangling.R 1231
134 43645361 random 25141
134 43645361 rejoined 7788
135 43763679 dangling.L 1075
135 43763679 dangling.R 776
135 43763679 random 15379
135 43763679 rejoined 3645
136 44014189 dangling.L 1957
136 44014189 dangling.R 1268
136 44014189 random 5171
136 44014189 rejoined 2070
137 44143776 dangling.L 418
137 44143776 dangling.R 1585
137 44143776 random 15946
137 44143776 rejoined 4053
138 44619839 dangling.L 968
138 44619839 dangling.R 875
138 44619839 random 17693
138 44619839 rejoined 4674
139 44746152 dangling.L 103
139 44746152 dangling.R 619
139 44746152 random 12502
139 44746152 rejoined 1882
140 44758058 dangling.L 523
140 44758058 dangling.R 947
140 44758058 random 26022
140 44758058 rejoined 3522
141 44794223 dangling.L 964
141 44794223 dangling.R 159
141 44794223 random 25236
141 44794223 rejoined 1857
142 44798209 dangling.L 494
142 44798209 dangling.R 273
142 44798209 random 22264
142 44798209 rejoined 851
143 44831384 dangling.L 222
143 44831384 dangling.R 1836
143 44831384 random 17866
143 44831384 rejoined 3107
144 44909929 dangling.L 1030
144 44909929 dangling.R 218
144 44909929 random 8036
144 44909929 rejoined 1903
145 44956590 dangling.L 373
145 44956590 dangling.R 879
145 44956590 random 23944
145 44956590 rejoined 1492
146 45063334 dangling.L 405
146 45063334 dangling.R 536
146 45063334 random 1435
146 45063334 rejoined 1918
147 45121566 dangling.L 1428
147 45121566 dangling.R 1355
147 45121566 random 14742
147 45121566 rejoined 6383
148 45150129 dangling.L 1160
148 45150129 dangling.R 1078
148 45150129 random 27589
148 45150129 rejoined 5205
149 45153999 dangling.L 1715
149 45153999 dangling.R 1036
149 45153999 random 13899
149 45153999 rejoined 6604
150 45217525 dangling.L 1502
150 45217525 dangling.R 1679
150 45217525 random 5963
150 45217525 rejoined 5058
151 45224705 dangling.L 379
151 45224705 dangling.R 1061
151 45224705 random 2563
151 45224705 rejoined 3060
152 45309227 dangling.L 131
152 45309227 dangling.R 289
152 45309227 random 4608
152 45309227 rejoined 519
153 45367701 dangling.L 1494
153 45367701 dangling.R 391
153 45367701 random 16394
153 45367701 rejoined 4300
154 45375876 dangling.L 542
154 45375876 dangling.R 301
154 45375876 random 3944
154 45375876 rejoined 1893
155 45615848 dangling.L 1622
155 45615848 dangling.R 354
155 45615848 random 8585
155 45615848 rejoined 3700
156 45618936 dangling.L 120
156 45618936 dangling.R 1177
156 45618936 random 23590
156 45618936 rejoined 2335
157 45816875 dangling.L 143
157 45816875 dangling.R 91
157 45816875 random 1668
157 45816875 rejoined 667
158 46210289 dangling.L 295
158 46210289 dangling.R 417
158 46210289 random 9458
158 46210289 rejoined 927
159 46379685 dangling.L 652
159 46379685 dangling.R 797
159 46379685 random 11902
159 46379685 rejoined 2631
160 46383011 dangling.L 643
160 46383011 dangling.R 593
160 46383011 random 7166
160 46383011 rejoined 5648
161 46391806 dangling.L 18
161 46391806 dangling.R 73
161 46391806 random 13758
161 46391806 rejoined 98
162 46402174 dangling.L 408
162 46402174 dangling.R 1344
162 46402174 random 28238
162 46402174 rejoined 3481
163 46422979 dangling.L 197
163 46422979 dangling.R 975
163 46422979 random 11277
163 46422979 rejoined 2469
164 46470908 dangling.L 216
164 46470908 dangling.R 1572
164 46470908 random 21465
164 46470908 rejoined 2145
165 46647355 dangling.L 99
165 46647355 dangling.R 1157
165 46647355 random 14743
165 46647355 rejoined 1947
166 46835599 dangling.L 586
166 46835599 dangling.R 196
166 46835599 random 9057
166 46835599 rejoined 1065
167 47088688 dangling.L 232
167 47088688 dangling.R 316
167 47088688 random 6138
167 47088688 rejoined 1624
168 47252810 dangling.L 1038
168 47252810 dangling.R 702
168 47252810 random 8082
168 47252810 rejoined 3809
169 47327531 dangling.L 138
169 47327531 dangling.R 13
169 47327531 random 17444
169 47327531 rejoined 184
170 47388193 dangling.L 103
170 47388193 dangling.R 1107
170 47388193 random 14856
170 47388193 rejoined 3004
171 47413179 dangling.L 1051
171 47413179 dangling.R 1959
171 47413179 random 27161
171 47413179 rejoined 5709
172 47417458 dangling.L 1199
172 47417458 dangling.R 864
172 47417458 random 13144
172 47417458 rejoined 4336
173 47538402 dangling.L 403
173 47538402 dangling.R 407
173 47538402 random 6113
173 47538402 rejoined 1730
174 47928979 dangling.L 835
174 47928979 dangling.R 2925
174 47928979 random 12337
174 47928979 rejoined 1696
175 47939535 dangling.L 806
175 47939535 dangling.R 1593
175 47939535 random 18084
175 47939535 rejoined 5890
176 47993290 dangling.L 1352
176 47993290 dangling.R 733
176 47993290 random 12884
176 47993290 rejoined 4381
177 48280015 dangling.L 1095
177 48280015 dangling.R 641
177 48280015 random 3401
177 48280015 rejoined 3414
178 50752637 dangling.R 799
178 50752637 random 10451
178 50752637 rejoined 1511
179 53217987 dangling.L 960
179 53217987 dangling.R 1474
179 53217987 random 58044
179 53217987 rejoined 5451
180 53384496 dangling.L 4
180 53384496 dangling.R 357
180 53384496 random 30191
180 53384496 rejoined 1154
181 53603308 dangling.L 469
181 53603308 dangling.R 10
181 53603308 random 7768
181 53603308 rejoined 466
182 53751296 dangling.L 314
182 53751296 dangling.R 296
182 53751296 random 4597
182 53751296 rejoined 1062
183 54119172 dangling.L 296
183 54119172 dangling.R 206
183 54119172 random 3208
183 54119172 rejoined 1141
184 55292491 dangling.L 181
184 55292491 dangling.R 1044
184 55292491 random 48182
184 55292491 rejoined 3175
185 55815800 dangling.L 90
185 55815800 dangling.R 583
185 55815800 random 7239
185 55815800 rejoined 912
186 56796362 dangling.L 475
186 56796362 dangling.R 242
186 56796362 random 2815
186 56796362 rejoined 1083
187 56948406 dangling.L 50
187 56948406 dangling.R 377
187 56948406 random 18482
187 56948406 rejoined 456
188 57082566 dangling.L 695
188 57082566 dangling.R 261
188 57082566 random 10331
188 57082566 rejoined 1026
189 57388754 dangling.L 400
189 57388754 dangling.R 145
189 57388754 random 15062
189 57388754 rejoined 612
190 57685024 dangling.L 145
190 57685024 dangling.R 34
190 57685024 random 4371
190 57685024 rejoined 125
191 58528457 dangling.L 291
191 58528457 dangling.R 473
191 58528457 random 27569
191 58528457 rejoined 1105
192 59150060 dangling.L 1269
192 59150060 dangling.R 113
192 59150060 random 5799
192 59150060 rejoined 2509
193 59240357 dangling.L 41
193 59240357 random 8920
193 59240357 rejoined 113
194 59334868 dangling.L 905
194 59334868 dangling.R 397
194 59334868 random 18222
194 59334868 rejoined 1794
195 59419771 dangling.L 170
195 59419771 dangling.R 144
195 59419771 random 1995
195 59419771 rejoined 692
196 59532680 dangling.L 813
196 59532680 dangling.R 793
196 59532680 random 1963
196 59532680 rejoined 3648
197 60965152 dangling.L 736
197 60965152 dangling.R 754
197 60965152 random 3429
197 60965152 rejoined 4247
