tno tbegin category N
1 3322801 dangling.L 380
1 3322801 dangling.R 168
1 3322801 random 15831
1 3322801 rejoined 410
2 3766921 dangling.L 361
2 3766921 dangling.R 1769
2 3766921 random 12597
2 3766921 rejoined 3009
3 3934686 dangling.L 653
3 3934686 dangling.R 280
3 3934686 random 1527
3 3934686 rejoined 1335
4 4213892 dangling.L 23
4 4213892 dangling.R 363
4 4213892 random 14622
4 4213892 rejoined 308
5 4257011 dangling.L 1321
5 4257011 dangling.R 1483
5 4257011 random 28782
5 4257011 rejoined 3856
6 4305456 dangling.L 108
6 4305456 dangling.R 219
6 4305456 random 4642
6 4305456 rejoined 321
7 4396578 dangling.L 249
7 4396578 dangling.R 65
7 4396578 random 866
7 4396578 rejoined 462
8 4476644 dangling.L 697
8 4476644 dangling.R 131
8 4476644 random 11503
8 4476644 rejoined 648
9 4698169 dangling.L 1127
9 4698169 dangling.R 863
9 4698169 random 22862
9 4698169 rejoined 3320
10 4838823 dangling.L 1562
10 4838823 dangling.R 1486
10 4838823 random 17782
10 4838823 rejoined 4023
11 4942593 dangling.L 41
11 4942593 dangling.R 495
11 4942593 random 9647
11 4942593 rejoined 2894
12 5001662 dangling.L 1030
12 5001662 dangling.R 1088
12 5001662 random 18909
12 5001662 rejoined 2373
13 5040904 dangling.L 1048
13 5040904 dangling.R 2525
13 5040904 random 4780
13 5040904 rejoined 2800
14 5050308 dangling.L 767
14 5050308 dangling.R 910
14 5050308 random 10719
14 5050308 rejoined 2957
15 5067578 dangling.L 546
15 5067578 dangling.R 153
15 5067578 random 6189
15 5067578 rejoined 1240
16 5071900 dangling.L 245
16 5071900 dangling.R 1606
16 5071900 random 19912
16 5071900 rejoined 2106
17 5088038 dangling.L 1132
17 5088038 dangling.R 1311
17 5088038 random 12033
17 5088038 rejoined 3929
18 5097919 dangling.L 537
18 5097919 dangling.R 63
18 5097919 random 11844
18 5097919 rejoined 202
19 5117909 dangling.L 145
19 5117909 dangling.R 942
19 5117909 random 7309
19 5117909 rejoined 1603
20 5297831 dangling.L 1099
20 5297831 dangling.R 725
20 5297831 random 18917
20 5297831 rejoined 3219
21 5306536 dangling.L 580
21 5306536 dangling.R 389
21 5306536 random 5354
21 5306536 rejoined 3520
22 5388204 dangling.L 189
22 5388204 dangling.R 422
22 5388204 random 10017
22 5388204 rejoined 1556
23 5447198 dangling.L 1087
23 5447198 dangling.R 499
23 5447198 random 34198
23 5447198 rejoined 1046
24 5457064 dangling.L 137
24 5457064 dangling.R 785
24 5457064 random 24686
24 5457064 rejoined 1033
25 5460107 dangling.L 692
25 5460107 dangling.R 852
25 5460107 random 34549
25 5460107 rejoined 1429
26 5474190 dangling.L 477
26 5474190 dangling.R 526
26 5474190 random 4008
26 5474190 rejoined 1819
27 5560076 dangling.L 1557
27 5560076 dangling.R 670
27 5560076 random 3022
27 5560076 rejoined 2319
28 5567574 dangling.L 486
28 5567574 dangling.R 67
28 5567574 random 6198
28 5567574 rejoined 570
29 5654312 dangling.L 1060
29 5654312 dangling.R 329
29 5654312 random 15629
29 5654312 rejoined 1477
30 5695578 dangling.L 1096
30 5695578 dangling.R 498
30 5695578 random 11150
30 5695578 rejoined 2934
31 5725818 dangling.L 988
31 5725818 dangling.R 549
31 5725818 random 13165
31 5725818 rejoined 2814
32 5770902 dangling.L 410
32 5770902 dangling.R 137
32 5770902 random 19006
32 5770902 rejoined 743
33 5893608 dangling.R 1131
33 5893608 random 20265
33 5893608 rejoined 2088
34 5924317 dangling.L 865
34 5924317 dangling.R 210
34 5924317 random 15175
34 5924317 rejoined 1944
35 6400083 dangling.L 2654
35 6400083 dangling.R 1186
35 6400083 random 21518
35 6400083 rejoined 5099
36 6418238 dangling.L 92
36 6418238 dangling.R 290
36 6418238 random 2363
36 6418238 rejoined 589
37 6497535 dangling.L 225
37 6497535 dangling.R 64
37 6497535 random 3098
37 6497535 rejoined 388
38 6502053 dangling.L 522
38 6502053 dangling.R 1204
38 6502053 random 18668
38 6502053 rejoined 3096
39 6529093 dangling.L 507
39 6529093 dangling.R 517
39 6529093 random 38474
39 6529093 rejoined 1797
40 6903935 dangling.L 463
40 6903935 dangling.R 964
40 6903935 random 2824
40 6903935 rejoined 3291
41 6914592 dangling.L 48
41 6914592 dangling.R 1074
41 6914592 random 10252
41 6914592 rejoined 1799
42 6995799 dangling.L 143
42 6995799 dangling.R 484
42 6995799 random 7672
42 6995799 rejoined 1583
43 7008506 dangling.L 416
43 7008506 dangling.R 608
43 7008506 random 10100
43 7008506 rejoined 1929
44 7130758 dangling.L 748
44 7130758 dangling.R 141
44 7130758 random 9136
44 7130758 rejoined 1390
45 7239810 dangling.L 13
45 7239810 dangling.R 422
45 7239810 random 1612
45 7239810 rejoined 742
46 7491615 dangling.L 10
46 7491615 dangling.R 54
46 7491615 random 1740
46 7491615 rejoined 129
47 7496929 dangling.L 144
47 7496929 dangling.R 275
47 7496929 random 8480
47 7496929 rejoined 788
48 7631449 dangling.L 1452
48 7631449 dangling.R 349
48 7631449 random 9759
48 7631449 rejoined 3829
49 7686559 dangling.L 637
49 7686559 dangling.R 500
49 7686559 random 19105
49 7686559 rejoined 1783
50 9003684 dangling.L 119
50 9003684 dangling.R 751
50 9003684 random 12064
50 9003684 rejoined 1052
51 10092218 dangling.L 378
51 10092218 dangling.R 365
51 10092218 random 20584
51 10092218 rejoined 3016
52 10115538 dangling.L 125
52 10115538 dangling.R 92
52 10115538 random 5909
52 10115538 rejoined 428
53 10378868 dangling.L 368
53 10378868 dangling.R 307
53 10378868 random 2731
53 10378868 rejoined 828
54 10463080 dangling.L 487
54 10463080 dangling.R 354
54 10463080 random 610
54 10463080 rejoined 1398
55 10531438 dangling.L 67
55 10531438 dangling.R 78
55 10531438 random 6262
55 10531438 rejoined 159
56 10943770 dangling.L 1193
56 10943770 dangling.R 306
56 10943770 random 9678
56 10943770 rejoined 2259
57 11014796 dangling.L 32
57 11014796 dangling.R 566
57 11014796 random 18201
57 11014796 rejoined 663
58 12085372 dangling.L 1207
58 12085372 dangling.R 709
58 12085372 random 43241
58 12085372 rejoined 1574
59 12575987 dangling.L 806
59 12575987 dangling.R 1347
59 12575987 random 11325
59 12575987 rejoined 3638
60 12670557 dangling.L 943
60 12670557 dangling.R 576
60 12670557 random 15735
60 12670557 rejoined 3784
61 16509657 dangling.L 1103
61 16509657 dangling.R 284
61 16509657 random 13959
61 16509657 rejoined 2677
62 16854924 dangling.L 1633
62 16854924 dangling.R 229
62 16854924 random 9668
62 16854924 rejoined 888
63 17030108 dangling.L 494
63 17030108 dangling.R 744
63 17030108 random 4942
63 17030108 rejoined 2122
64 17430658 dangling.L 1097
64 17430658 dangling.R 835
64 17430658 random 17366
64 17430658 rejoined 3041
65 17468033 dangling.L 580
65 17468033 dangling.R 921
65 17468033 random 5590
65 17468033 rejoined 3821
66 17911623 dangling.L 110
66 17911623 dangling.R 46
66 17911623 random 16083
66 17911623 rejoined 255
67 18705804 dangling.L 195
67 18705804 dangling.R 774
67 18705804 random 5416
67 18705804 rejoined 1578
68 18823973 dangling.L 1410
68 18823973 dangling.R 742
68 18823973 random 20920
68 18823973 rejoined 2632
69 19185187 dangling.L 857
69 19185187 dangling.R 572
69 19185187 random 8250
69 19185187 rejoined 2560
70 21546652 dangling.L 716
70 21546652 dangling.R 1108
70 21546652 random 12945
70 21546652 rejoined 2629
71 21852332 dangling.L 219
71 21852332 dangling.R 138
71 21852332 random 1740
71 21852332 rejoined 738
72 23832866 dangling.L 229
72 23832866 dangling.R 34
72 23832866 random 3343
72 23832866 rejoined 561
73 23967163 dangling.L 95
73 23967163 dangling.R 234
73 23967163 random 3341
73 23967163 rejoined 747
74 24105010 dangling.L 22
74 24105010 dangling.R 15
74 24105010 random 6655
74 24105010 rejoined 72
75 24629818 dangling.L 241
75 24629818 dangling.R 829
75 24629818 random 3464
75 24629818 rejoined 1126
76 24935833 dangling.L 1167
76 24935833 dangling.R 775
76 24935833 random 6891
76 24935833 rejoined 3584
77 25073519 dangling.L 158
77 25073519 dangling.R 522
77 25073519 random 2183
77 25073519 rejoined 1858
78 25311192 dangling.L 435
78 25311192 dangling.R 465
78 25311192 random 5559
78 25311192 rejoined 1110
79 25579696 dangling.L 37
79 25579696 dangling.R 575
79 25579696 random 9526
79 25579696 rejoined 654
80 25680456 dangling.L 1425
80 25680456 dangling.R 1562
80 25680456 random 17030
80 25680456 rejoined 4689
81 25684527 dangling.L 8
81 25684527 dangling.R 25
81 25684527 random 1707
81 25684527 rejoined 193
82 25746230 dangling.L 626
82 25746230 dangling.R 1844
82 25746230 random 10855
82 25746230 rejoined 4498
83 26679150 dangling.L 208
83 26679150 dangling.R 243
83 26679150 random 13160
83 26679150 rejoined 606
84 27291010 dangling.L 126
84 27291010 dangling.R 230
84 27291010 random 7192
84 27291010 rejoined 321
85 28754068 dangling.L 62
85 28754068 dangling.R 397
85 28754068 random 6325
85 28754068 rejoined 841
86 28909156 dangling.L 692
86 28909156 dangling.R 800
86 28909156 random 2193
86 28909156 rejoined 1730
87 29038145 dangling.L 154
87 29038145 dangling.R 96
87 29038145 random 6135
87 29038145 rejoined 448
88 29049340 dangling.L 1114
88 29049340 dangling.R 714
88 29049340 random 14195
88 29049340 rejoined 1729
89 29121893 dangling.L 138
89 29121893 dangling.R 402
89 29121893 random 20894
89 29121893 rejoined 693
90 29175365 dangling.L 414
90 29175365 dangling.R 297
90 29175365 random 6090
90 29175365 rejoined 1364
91 29325818 dangling.L 662
91 29325818 dangling.R 42
91 29325818 random 2158
91 29325818 rejoined 687
92 29596272 dangling.L 52
92 29596272 dangling.R 367
92 29596272 random 3795
92 29596272 rejoined 636
93 29886965 dangling.L 269
93 29886965 dangling.R 638
93 29886965 random 37627
93 29886965 rejoined 2719
94 30104503 dangling.L 152
94 30104503 dangling.R 423
94 30104503 random 5961
94 30104503 rejoined 643
95 30249432 dangling.L 494
95 30249432 dangling.R 76
95 30249432 random 17048
95 30249432 rejoined 565
96 30623487 dangling.L 1129
96 30623487 dangling.R 417
96 30623487 random 17795
96 30623487 rejoined 2370
97 31738361 dangling.L 498
97 31738361 dangling.R 229
97 31738361 random 5261
97 31738361 rejoined 578
98 31839024 dangling.L 233
98 31839024 dangling.R 761
98 31839024 random 3688
98 31839024 rejoined 1293
99 32182073 dangling.L 1429
99 32182073 dangling.R 618
99 32182073 random 23214
99 32182073 rejoined 2638
100 32463206 dangling.L 922
100 32463206 dangling.R 996
100 32463206 random 2552
100 32463206 rejoined 1961
101 32669705 dangling.L 204
101 32669705 dangling.R 165
101 32669705 random 18217
101 32669705 rejoined 941
102 34821102 dangling.L 600
102 34821102 dangling.R 842
102 34821102 random 4987
102 34821102 rejoined 2619
103 36131351 dangling.L 182
103 36131351 dangling.R 28
103 36131351 random 2561
103 36131351 rejoined 254
104 36422705 dangling.L 114
104 36422705 dangling.R 372
104 36422705 random 2045
104 36422705 rejoined 783
105 36628629 dangling.L 544
105 36628629 dangling.R 6
105 36628629 random 5610
105 36628629 rejoined 627
106 36810595 dangling.L 867
106 36810595 dangling.R 410
106 36810595 random 27260
106 36810595 rejoined 1161
107 36993590 dangling.L 1823
107 36993590 dangling.R 1841
107 36993590 random 31336
107 36993590 rejoined 6269
108 37247833 dangling.L 1380
108 37247833 dangling.R 947
108 37247833 random 39349
108 37247833 rejoined 2328
109 37307943 dangling.L 935
109 37307943 dangling.R 839
109 37307943 random 13467
109 37307943 rejoined 1913
110 37508831 dangling.L 109
110 37508831 dangling.R 111
110 37508831 random 1398
110 37508831 rejoined 291
111 37624408 dangling.L 318
111 37624408 dangling.R 93
111 37624408 random 10318
111 37624408 rejoined 725
112 37767014 dangling.L 768
112 37767014 dangling.R 956
112 37767014 random 14182
112 37767014 rejoined 3631
113 37771798 dangling.L 754
113 37771798 dangling.R 388
113 37771798 random 3273
113 37771798 rejoined 1703
114 38117568 dangling.L 553
114 38117568 dangling.R 1652
114 38117568 random 25579
114 38117568 rejoined 4675
115 38171069 dangling.L 132
115 38171069 dangling.R 229
115 38171069 random 5891
115 38171069 rejoined 645
116 38199312 dangling.L 1295
116 38199312 dangling.R 988
116 38199312 random 14621
116 38199312 rejoined 4714
117 38555359 dangling.L 256
117 38555359 dangling.R 169
117 38555359 random 19249
117 38555359 rejoined 540
118 38910569 dangling.L 518
118 38910569 dangling.R 821
118 38910569 random 5264
118 38910569 rejoined 2191
119 40345607 dangling.L 1044
119 40345607 dangling.R 859
119 40345607 random 5183
119 40345607 rejoined 2422
120 40686206 dangling.L 676
120 40686206 dangling.R 1127
120 40686206 random 4772
120 40686206 rejoined 2426
121 40905269 dangling.L 194
121 40905269 dangling.R 513
121 40905269 random 2917
121 40905269 rejoined 711
122 41280765 dangling.L 168
122 41280765 dangling.R 202
122 41280765 random 17755
122 41280765 rejoined 1011
123 41337995 dangling.L 111
123 41337995 dangling.R 1441
123 41337995 random 3935
123 41337995 rejoined 2760
124 41459061 dangling.R 291
124 41459061 random 20165
124 41459061 rejoined 904
125 41817847 dangling.L 353
125 41817847 dangling.R 102
125 41817847 random 14348
125 41817847 rejoined 1534
126 41876075 dangling.L 910
126 41876075 dangling.R 1998
126 41876075 random 12743
126 41876075 rejoined 3416
127 41903960 dangling.L 10
127 41903960 dangling.R 315
127 41903960 random 9147
127 41903960 rejoined 367
128 41922123 dangling.L 192
128 41922123 dangling.R 4
128 41922123 random 14537
128 41922123 rejoined 123
129 42055753 dangling.L 208
129 42055753 dangling.R 126
129 42055753 random 2499
129 42055753 rejoined 394
130 42276243 dangling.L 195
130 42276243 dangling.R 39
130 42276243 random 21445
130 42276243 rejoined 550
131 42329729 dangling.L 617
131 42329729 dangling.R 117
131 42329729 random 12548
131 42329729 rejoined 832
132 42505774 dangling.L 199
132 42505774 dangling.R 60
132 42505774 random 1099
132 42505774 rejoined 442
133 42869322 dangling.L 300
133 42869322 dangling.R 1226
133 42869322 random 22143
133 42869322 rejoined 1439
134 43645361 dangling.L 2488
134 43645361 dangling.R 985
134 43645361 random 22330
134 43645361 rejoined 5620
135 43763679 dangling.L 964
135 43763679 dangling.R 739
135 43763679 random 11327
135 43763679 rejoined 3239
136 44014189 dangling.L 1135
136 44014189 dangling.R 1064
136 44014189 random 4802
136 44014189 rejoined 1970
137 44143776 dangling.L 444
137 44143776 dangling.R 1202
137 44143776 random 13135
137 44143776 rejoined 3132
138 44619839 dangling.L 934
138 44619839 dangling.R 826
138 44619839 random 15073
138 44619839 rejoined 3665
139 44746152 dangling.L 103
139 44746152 dangling.R 444
139 44746152 random 9963
139 44746152 rejoined 1334
140 44758058 dangling.L 435
140 44758058 dangling.R 872
140 44758058 random 21672
140 44758058 rejoined 2598
141 44794223 dangling.L 849
141 44794223 dangling.R 144
141 44794223 random 18821
141 44794223 rejoined 1342
142 44798209 dangling.L 331
142 44798209 dangling.R 147
142 44798209 random 16456
142 44798209 rejoined 620
143 44831384 dangling.L 193
143 44831384 dangling.R 1169
143 44831384 random 12630
143 44831384 rejoined 1944
144 44909929 dangling.L 838
144 44909929 dangling.R 276
144 44909929 random 5219
144 44909929 rejoined 1447
145 44956590 dangling.L 343
145 44956590 dangling.R 723
145 44956590 random 18373
145 44956590 rejoined 1065
146 45063334 dangling.L 385
146 45063334 dangling.R 572
146 45063334 random 1336
146 45063334 rejoined 1264
147 45121566 dangling.L 1214
147 45121566 dangling.R 1231
147 45121566 random 12328
147 45121566 rejoined 4881
148 45150129 dangling.L 1163
148 45150129 dangling.R 661
148 45150129 random 20277
148 45150129 rejoined 3878
149 45153999 dangling.L 1158
149 45153999 dangling.R 912
149 45153999 random 10806
149 45153999 rejoined 4914
150 45217525 dangling.L 1038
150 45217525 dangling.R 1591
150 45217525 random 4622
150 45217525 rejoined 3665
151 45224705 dangling.L 397
151 45224705 dangling.R 922
151 45224705 random 2424
151 45224705 rejoined 2210
152 45309227 dangling.L 93
152 45309227 dangling.R 225
152 45309227 random 3158
152 45309227 rejoined 442
153 45367701 dangling.L 1184
153 45367701 dangling.R 413
153 45367701 random 14122
153 45367701 rejoined 3423
154 45375876 dangling.L 483
154 45375876 dangling.R 316
154 45375876 random 3856
154 45375876 rejoined 1413
155 45615848 dangling.L 1106
155 45615848 dangling.R 297
155 45615848 random 7048
155 45615848 rejoined 2419
156 45618936 dangling.L 49
156 45618936 dangling.R 785
156 45618936 random 18682
156 45618936 rejoined 1360
157 45816875 dangling.L 181
157 45816875 dangling.R 46
157 45816875 random 1498
157 45816875 rejoined 628
158 46210289 dangling.L 192
158 46210289 dangling.R 249
158 46210289 random 7536
158 46210289 rejoined 909
159 46379685 dangling.L 595
159 46379685 dangling.R 526
159 46379685 random 9124
159 46379685 rejoined 2024
160 46383011 dangling.L 631
160 46383011 dangling.R 604
160 46383011 random 6573
160 46383011 rejoined 4415
161 46391806 dangling.L 1
161 46391806 dangling.R 37
161 46391806 random 10145
161 46391806 rejoined 44
162 46402174 dangling.L 527
162 46402174 dangling.R 923
162 46402174 random 22069
162 46402174 rejoined 2432
163 46422979 dangling.L 173
163 46422979 dangling.R 775
163 46422979 random 9566
163 46422979 rejoined 1623
164 46470908 dangling.L 151
164 46470908 dangling.R 1410
164 46470908 random 20581
164 46470908 rejoined 1666
165 46647355 dangling.L 119
165 46647355 dangling.R 836
165 46647355 random 10870
165 46647355 rejoined 1456
166 46835599 dangling.L 471
166 46835599 dangling.R 145
166 46835599 random 6703
166 46835599 rejoined 774
167 47088688 dangling.L 254
167 47088688 dangling.R 206
167 47088688 random 5292
167 47088688 rejoined 1046
168 47252810 dangling.L 761
168 47252810 dangling.R 729
168 47252810 random 6337
168 47252810 rejoined 2726
169 47327531 dangling.L 72
169 47327531 dangling.R 25
169 47327531 random 13286
169 47327531 rejoined 122
170 47388193 dangling.L 84
170 47388193 dangling.R 862
170 47388193 random 12797
170 47388193 rejoined 2490
171 47413179 dangling.L 1030
171 47413179 dangling.R 1570
171 47413179 random 22629
171 47413179 rejoined 4537
172 47417458 dangling.L 1110
172 47417458 dangling.R 778
172 47417458 random 11989
172 47417458 rejoined 3169
173 47538402 dangling.L 257
173 47538402 dangling.R 407
173 47538402 random 4716
173 47538402 rejoined 1406
174 47928979 dangling.L 527
174 47928979 dangling.R 1526
174 47928979 random 10732
174 47928979 rejoined 1130
175 47939535 dangling.L 644
175 47939535 dangling.R 1153
175 47939535 random 15136
175 47939535 rejoined 4364
176 47993290 dangling.L 1170
176 47993290 dangling.R 601
176 47993290 random 12143
176 47993290 rejoined 3239
177 48280015 dangling.L 846
177 48280015 dangling.R 625
177 48280015 random 3203
177 48280015 rejoined 2759
178 50752637 dangling.R 467
178 50752637 random 7065
178 50752637 rejoined 1109
179 53217987 dangling.L 1075
179 53217987 dangling.R 1148
179 53217987 random 49872
179 53217987 rejoined 4449
180 53384496 dangling.L 1
180 53384496 dangling.R 194
180 53384496 random 24429
180 53384496 rejoined 776
181 53603308 dangling.L 354
181 53603308 dangling.R 9
181 53603308 random 5695
181 53603308 rejoined 310
182 53751296 dangling.L 193
182 53751296 dangling.R 260
182 53751296 random 3770
182 53751296 rejoined 653
183 54119172 dangling.L 318
183 54119172 dangling.R 188
183 54119172 random 2340
183 54119172 rejoined 850
184 55292491 dangling.L 237
184 55292491 dangling.R 844
184 55292491 random 36379
184 55292491 rejoined 2083
185 55815800 dangling.L 93
185 55815800 dangling.R 433
185 55815800 random 5039
185 55815800 rejoined 541
186 56796362 dangling.L 350
186 56796362 dangling.R 185
186 56796362 random 2251
186 56796362 rejoined 705
187 56948406 dangling.L 23
187 56948406 dangling.R 354
187 56948406 random 15406
187 56948406 rejoined 319
188 57082566 dangling.L 607
188 57082566 dangling.R 242
188 57082566 random 9610
188 57082566 rejoined 688
189 57388754 dangling.L 252
189 57388754 dangling.R 85
189 57388754 random 12173
189 57388754 rejoined 363
190 57685024 dangling.L 89
190 57685024 dangling.R 22
190 57685024 random 3413
190 57685024 rejoined 101
191 58528457 dangling.L 270
191 58528457 dangling.R 413
191 58528457 random 21236
191 58528457 rejoined 527
192 59150060 dangling.L 1021
192 59150060 dangling.R 118
192 59150060 random 5116
192 59150060 rejoined 2017
193 59240357 dangling.L 59
193 59240357 random 7529
193 59240357 rejoined 115
194 59334868 dangling.L 757
194 59334868 dangling.R 334
194 59334868 random 13988
194 59334868 rejoined 1300
195 59419771 dangling.L 157
195 59419771 dangling.R 156
195 59419771 random 1608
195 59419771 rejoined 418
196 59532680 dangling.L 791
196 59532680 dangling.R 738
196 59532680 random 2043
196 59532680 rejoined 2858
197 60965152 dangling.L 660
197 60965152 dangling.R 840
197 60965152 random 3520
197 60965152 rejoined 3122
