id dangling.L dangling.R rejoined
1 1 49 35
2 0 10 0
5 0 1 1
8 115 0 8
9 0 83 2
13 0 0 1
16 37 0 10
17 0 41 24
19 0 0 1
20 0 0 3
28 0 1 0
30 1 0 0
31 4 0 1
32 9 0 5
33 0 18 15
34 0 2 0
35 3 0 0
36 0 5 3
38 0 0 1
39 47 0 16
40 13 49 18
41 0 55 4
48 72 0 5
49 0 56 8
50 48 0 17
51 0 59 0
57 1 0 2
58 0 3 0
60 1 0 1
62 8 0 1
63 0 21 0
67 6 0 0
68 0 69 1
75 1 0 1
77 0 1 3
81 1 0 0
87 24 0 7
88 55 52 38
89 4 3 24
90 0 30 6
91 23 0 6
92 54 18 29
93 0 24 3
96 9 0 0
97 0 5 3
98 0 1 2
99 0 7 0
103 1 0 0
104 56 0 10
105 0 29 12
106 46 0 23
107 0 117 1
110 0 1 1
111 0 0 1
116 1 0 6
117 4 1 6
118 0 2 8
119 23 0 20
120 0 39 2
123 49 0 7
124 0 78 10
130 4 0 0
131 0 6 0
134 15 0 3
135 0 1 0
137 0 0 2
138 11 0 7
139 0 44 1
140 82 0 5
141 0 52 6
143 0 0 2
145 59 0 27
146 13 40 25
147 29 11 22
148 0 59 1
152 42 0 5
153 0 15 4
155 64 0 4
156 0 34 1
157 19 0 11
158 0 32 0
160 3 0 0
161 28 1 44
162 0 22 6
164 0 0 1
165 0 1 2
166 1 2 3
167 0 0 1
173 55 0 0
174 0 31 2
177 1 0 0
178 9 1 18
179 0 1 6
181 0 0 1
182 62 0 5
183 0 42 7
184 0 0 2
185 29 4 19
186 0 15 2
190 0 0 2
191 17 0 2
192 0 1 3
193 0 0 2
194 9 1 7
195 0 13 2
203 0 1 1
214 0 0 1
215 31 1 8
216 0 26 4
218 18 0 1
219 0 18 0
223 13 0 11
224 33 14 21
225 0 44 0
226 12 0 4
227 0 75 18
228 0 1 1
232 0 0 3
233 51 1 6
234 0 47 8
237 26 0 2
238 43 30 19
239 0 37 8
240 0 1 2
242 1 0 0
247 0 0 1
248 0 0 2
249 6 1 7
250 0 4 0
251 0 0 1
252 0 1 0
256 7 0 0
257 2 3 8
258 0 4 0
259 41 0 2
260 1 52 23
261 27 2 16
262 0 31 7
263 1 0 4
264 0 11 0
266 48 0 0
267 0 90 4
268 1 0 0
269 16 0 6
270 0 22 9
272 18 0 0
273 0 3 3
274 0 1 0
275 0 1 0
279 36 0 0
280 0 42 5
282 28 0 8
283 0 0 2
285 0 1 0
289 47 0 12
290 0 37 2
291 1 0 0
293 0 1 0
298 42 0 3
299 0 41 8
